generation,rank_1,rank_2,swapAccepted
1000,1,3,1
2000,2,4,1
3000,1,4,1
4000,1,3,1
5000,3,4,1
6000,1,3,1
7000,1,4,1
8000,2,3,1
9000,2,3,1
10000,1,2,1
11000,1,3,1
12000,2,3,1
13000,1,2,1
14000,1,4,1
15000,1,3,1
16000,2,4,1
17000,3,4,1
18000,1,2,1
19000,2,3,1
20000,1,4,1
21000,2,4,1
22000,1,4,1
23000,1,3,1
24000,1,2,1
25000,1,2,1
26000,1,3,1
27000,3,4,1
28000,3,4,1
29000,1,3,1
30000,2,4,1
31000,1,2,1
32000,1,4,1
33000,3,4,1
34000,2,3,1
35000,1,3,1
36000,1,4,1
37000,2,3,1
38000,2,4,1
39000,1,3,1
40000,2,3,1
41000,2,4,1
42000,1,4,1
43000,3,4,1
44000,1,2,1
45000,3,4,1
46000,3,4,1
47000,2,4,1
48000,2,4,1
49000,1,3,1
50000,2,3,1
51000,3,4,1
52000,2,3,1
53000,2,4,1
54000,2,4,1
55000,2,4,1
56000,2,3,1
57000,1,2,1
58000,2,3,1
59000,1,3,1
60000,1,2,1
61000,3,4,1
62000,2,3,1
63000,1,3,1
64000,2,3,1
65000,1,2,1
66000,3,4,1
67000,2,3,1
68000,2,4,0
69000,1,4,1
70000,2,3,0
71000,1,4,1
72000,2,3,1
73000,3,4,1
74000,1,4,1
75000,2,3,1
76000,1,2,0
77000,1,3,1
78000,2,4,1
79000,1,4,1
80000,2,3,1
81000,3,4,1
82000,2,3,1
83000,2,3,1
84000,1,2,1
85000,2,4,1
86000,3,4,1
87000,2,4,1
88000,3,4,1
89000,1,4,0
90000,1,4,1
91000,3,4,1
92000,1,4,1
93000,2,3,1
94000,2,3,1
95000,1,4,1
96000,2,3,1
97000,1,3,1
98000,1,4,1
99000,3,4,1
100000,1,3,1
101000,1,4,1
102000,1,4,1
103000,2,3,1
104000,2,3,1
105000,3,4,1
106000,1,3,1
107000,1,4,1
108000,1,3,1
109000,3,4,1
110000,1,3,1
111000,1,4,1
112000,2,4,1
113000,1,3,1
114000,2,3,1
115000,1,4,1
116000,2,4,0
117000,2,4,1
118000,2,3,1
119000,2,4,1
120000,3,4,1
121000,1,3,1
122000,2,4,0
123000,1,2,1
124000,1,2,1
125000,2,3,1
126000,2,3,1
127000,2,4,1
128000,2,4,1
129000,1,3,1
130000,1,4,0
131000,2,4,1
132000,1,4,0
133000,2,3,1
134000,1,3,1
135000,1,2,1
136000,3,4,1
137000,1,3,1
138000,2,4,1
139000,1,2,1
140000,2,3,1
141000,1,2,1
142000,1,2,1
143000,1,4,1
144000,3,4,1
145000,2,4,1
146000,2,4,0
147000,1,3,1
148000,1,2,0
149000,2,3,1
150000,3,4,1
151000,1,3,1
152000,3,4,1
153000,1,2,0
154000,1,3,1
155000,3,4,1
156000,2,4,1
157000,2,4,1
158000,1,2,1
159000,1,2,1
160000,2,4,1
161000,2,3,1
162000,1,3,1
163000,3,4,1
164000,3,4,1
165000,1,3,1
166000,1,4,0
167000,3,4,1
168000,1,3,1
169000,3,4,1
170000,2,4,1
171000,1,3,1
172000,3,4,1
173000,2,4,1
174000,1,4,0
175000,3,4,1
176000,2,4,1
177000,1,2,0
178000,1,3,0
179000,1,4,0
180000,2,3,1
181000,2,3,1
182000,2,4,1
183000,2,4,1
184000,2,3,1
185000,1,3,1
186000,1,2,1
187000,1,3,1
188000,1,2,1
189000,3,4,1
190000,2,4,0
191000,1,3,1
192000,3,4,0
193000,2,4,1
194000,3,4,1
195000,2,4,1
196000,2,4,0
197000,1,3,1
198000,3,4,1
199000,2,4,0
200000,1,3,1
201000,1,3,1
202000,2,4,1
203000,1,3,1
204000,3,4,1
205000,2,4,1
206000,1,3,1
207000,1,2,0
208000,2,3,1
209000,1,4,1
210000,2,4,1
211000,1,2,1
212000,3,4,1
213000,3,4,0
214000,1,3,1
215000,1,2,1
216000,2,3,1
217000,1,2,1
218000,1,4,1
219000,1,4,1
220000,1,3,1
221000,1,4,1
222000,1,3,1
223000,2,3,1
224000,1,3,1
225000,2,4,1
226000,1,4,0
227000,2,3,1
228000,2,4,0
229000,2,3,1
230000,1,2,1
231000,2,4,1
232000,3,4,1
233000,2,4,0
234000,3,4,1
235000,2,4,1
236000,1,3,1
237000,1,2,1
238000,2,4,1
239000,2,4,1
240000,1,4,0
241000,2,4,1
242000,1,4,0
243000,3,4,1
244000,2,3,1
245000,2,3,1
246000,1,3,1
247000,1,3,1
248000,1,2,1
249000,2,3,1
250000,1,4,1
251000,2,4,1
252000,3,4,1
253000,2,4,1
254000,2,3,1
255000,2,3,1
256000,3,4,1
257000,1,2,1
258000,2,4,1
259000,2,4,0
260000,1,3,1
261000,1,4,0
262000,1,4,1
263000,1,3,1
264000,1,3,0
265000,1,2,1
266000,1,4,1
267000,1,3,1
268000,1,3,1
269000,1,4,1
270000,2,3,1
271000,3,4,1
272000,2,3,1
273000,2,4,1
274000,3,4,1
275000,2,4,1
276000,2,3,1
277000,2,4,1
278000,1,2,1
279000,1,3,1
280000,3,4,1
281000,3,4,1
282000,1,2,1
283000,1,3,1
284000,1,3,1
285000,1,4,1
286000,2,4,1
287000,2,4,1
288000,1,4,1
289000,1,2,1
290000,1,2,1
291000,2,4,1
292000,3,4,1
293000,3,4,1
294000,2,3,1
295000,1,2,1
296000,2,3,0
297000,2,4,0
298000,1,3,1
299000,3,4,1
300000,3,4,1
301000,2,4,0
302000,1,4,1
303000,1,4,1
304000,3,4,1
305000,1,3,0
306000,3,4,1
307000,1,4,1
308000,3,4,1
309000,1,4,1
310000,1,4,1
311000,2,4,1
312000,3,4,1
313000,2,4,0
314000,1,2,1
315000,2,3,1
316000,2,3,1
317000,1,2,0
318000,2,3,1
319000,2,3,1
320000,1,2,1
321000,2,4,1
322000,2,3,1
323000,3,4,1
324000,3,4,1
325000,3,4,1
326000,2,4,1
327000,2,4,1
328000,2,3,1
329000,1,3,1
330000,2,4,1
331000,1,2,1
332000,1,2,1
333000,1,4,0
334000,1,3,0
335000,3,4,1
336000,2,3,1
337000,1,4,1
338000,1,2,1
339000,1,3,1
340000,1,3,1
341000,1,4,1
342000,1,3,1
343000,3,4,1
344000,1,3,0
345000,1,2,1
346000,1,2,1
347000,2,4,1
348000,1,4,1
349000,3,4,1
350000,2,4,1
351000,2,3,1
352000,1,2,1
353000,1,3,1
354000,1,4,1
355000,1,3,0
356000,3,4,1
357000,3,4,1
358000,2,4,1
359000,1,3,1
360000,2,3,1
361000,3,4,1
362000,2,4,1
363000,2,3,1
364000,2,3,1
365000,1,4,1
366000,2,3,1
367000,1,2,1
368000,1,4,1
369000,1,4,0
370000,1,2,1
371000,1,2,1
372000,3,4,1
373000,1,4,1
374000,3,4,1
375000,1,4,1
376000,1,3,1
377000,3,4,1
378000,1,4,1
379000,3,4,1
380000,2,4,1
381000,1,4,1
382000,1,4,0
383000,1,4,0
384000,2,4,1
385000,1,4,1
386000,1,3,1
387000,1,2,1
388000,1,2,1
389000,1,4,1
390000,3,4,1
391000,1,2,1
392000,1,2,1
393000,2,4,1
394000,2,4,1
395000,1,2,1
396000,1,2,1
397000,1,4,1
398000,1,2,1
399000,1,4,1
400000,1,4,0
401000,3,4,1
402000,2,4,1
403000,1,3,0
404000,1,2,1
405000,1,4,1
406000,2,3,1
407000,1,3,1
408000,1,2,1
409000,3,4,1
410000,3,4,1
411000,1,4,1
412000,3,4,1
413000,1,3,1
414000,1,2,1
415000,1,4,1
416000,1,3,1
417000,1,2,1
418000,2,3,1
419000,1,2,1
420000,1,3,1
421000,2,3,1
422000,1,2,1
423000,2,3,1
424000,1,4,1
425000,1,4,1
426000,1,4,1
427000,1,2,1
428000,1,4,1
429000,1,4,1
430000,1,4,1
431000,2,3,1
432000,2,4,1
433000,2,3,1
434000,1,4,1
435000,1,3,0
436000,2,4,1
437000,1,4,1
438000,1,2,1
439000,2,3,1
440000,1,2,1
441000,3,4,1
442000,2,4,1
443000,2,4,1
444000,2,3,1
445000,1,4,1
446000,2,4,1
447000,3,4,1
448000,1,3,1
449000,1,3,1
450000,3,4,1
451000,1,2,0
452000,1,3,1
453000,1,3,1
454000,1,4,1
455000,2,4,1
456000,2,3,1
457000,1,2,0
458000,2,4,1
459000,1,2,1
460000,1,2,1
461000,1,3,1
462000,2,4,1
463000,2,3,1
464000,1,4,1
465000,2,4,1
466000,1,2,1
467000,2,4,1
468000,3,4,1
469000,1,4,1
470000,2,4,1
471000,1,2,1
472000,2,4,1
473000,2,4,1
474000,3,4,1
475000,1,4,1
476000,2,3,1
477000,1,4,1
478000,2,4,1
479000,1,3,1
480000,1,4,1
481000,1,2,1
482000,3,4,1
483000,2,3,1
484000,2,4,1
485000,3,4,1
486000,1,3,1
487000,2,3,1
488000,1,2,1
489000,1,3,1
490000,1,3,0
491000,3,4,1
492000,2,4,0
493000,1,3,1
494000,1,4,0
495000,1,4,0
496000,2,3,1
497000,1,3,0
498000,1,2,1
499000,1,3,1
500000,2,3,1
501000,1,2,1
502000,2,4,0
503000,1,3,1
504000,1,3,1
505000,1,2,1
506000,1,3,1
507000,3,4,1
508000,1,4,1
509000,1,3,1
510000,1,2,1
511000,2,4,1
512000,1,3,1
513000,1,4,1
514000,1,3,1
515000,2,3,1
516000,1,3,1
517000,3,4,1
518000,3,4,1
519000,1,2,0
520000,3,4,1
521000,3,4,1
522000,3,4,0
523000,1,4,0
524000,2,3,1
525000,2,3,1
526000,1,3,1
527000,2,3,1
528000,1,3,0
529000,1,4,1
530000,3,4,1
531000,1,4,0
532000,2,4,1
533000,3,4,1
534000,1,4,1
535000,2,4,1
536000,2,3,1
537000,2,4,0
538000,1,3,1
539000,2,3,1
540000,1,2,1
541000,2,4,0
542000,1,3,1
543000,1,3,1
544000,2,4,1
545000,1,4,1
546000,1,4,1
547000,2,4,1
548000,1,4,1
549000,3,4,1
550000,1,2,1
551000,2,4,1
552000,1,3,1
553000,2,4,1
554000,1,2,1
555000,2,4,1
556000,1,2,1
557000,1,3,1
558000,1,2,0
559000,2,4,1
560000,2,3,1
561000,3,4,1
562000,1,3,1
563000,3,4,1
564000,2,3,1
565000,1,4,1
566000,3,4,1
567000,1,3,1
568000,1,4,1
569000,3,4,1
570000,1,4,0
571000,2,4,0
572000,1,4,0
573000,3,4,1
574000,3,4,1
575000,2,4,1
576000,2,3,1
577000,2,3,1
578000,1,2,1
579000,1,4,1
580000,1,2,1
581000,2,3,1
582000,2,4,1
583000,1,4,0
584000,2,4,0
585000,3,4,1
586000,1,4,1
587000,3,4,1
588000,2,3,1
589000,2,3,0
590000,1,3,1
591000,1,2,1
592000,2,4,1
593000,2,3,1
594000,1,4,0
595000,1,3,0
596000,2,3,1
597000,1,4,1
598000,3,4,1
599000,1,3,1
600000,1,2,1
601000,1,3,0
602000,1,4,0
603000,1,3,1
604000,2,4,1
605000,1,2,1
606000,1,2,0
607000,1,4,1
608000,2,3,1
609000,1,2,0
610000,1,2,0
611000,1,2,1
612000,1,3,1
613000,1,4,1
614000,3,4,1
615000,3,4,1
616000,2,3,1
617000,1,4,1
618000,3,4,1
619000,3,4,1
620000,1,3,1
621000,1,4,0
622000,1,3,1
623000,1,4,1
624000,1,2,1
625000,2,3,1
626000,2,4,1
627000,2,3,1
628000,1,4,1
629000,1,4,1
630000,3,4,1
631000,2,3,1
632000,3,4,1
633000,3,4,1
634000,1,2,1
635000,1,2,1
636000,1,2,1
637000,1,3,0
638000,2,3,1
639000,1,3,1
640000,1,2,1
641000,3,4,1
642000,2,4,1
643000,2,4,0
644000,2,3,1
645000,1,4,1
646000,1,4,1
647000,1,4,1
648000,3,4,1
649000,1,3,1
650000,1,2,1
651000,3,4,1
652000,1,4,1
653000,3,4,1
654000,2,4,1
655000,2,4,0
656000,1,3,1
657000,2,3,1
658000,1,2,1
659000,2,3,1
660000,2,3,1
661000,2,4,1
662000,2,3,1
663000,1,4,1
664000,1,2,1
665000,2,4,0
666000,2,4,0
667000,2,3,1
668000,1,2,1
669000,1,4,1
670000,3,4,1
671000,1,3,1
672000,2,4,1
673000,3,4,1
674000,1,2,1
675000,1,2,1
676000,2,4,0
677000,1,4,1
678000,2,3,1
679000,1,3,0
680000,2,3,0
681000,1,2,1
682000,2,4,1
683000,2,3,1
684000,3,4,1
685000,1,2,1
686000,3,4,1
687000,1,4,1
688000,1,3,1
689000,2,3,1
690000,1,4,1
691000,1,3,1
692000,1,3,1
693000,3,4,1
694000,2,4,1
695000,1,3,1
696000,3,4,1
697000,1,4,1
698000,1,3,1
699000,2,4,1
700000,1,4,1
701000,2,4,1
702000,1,2,1
703000,3,4,1
704000,1,3,1
705000,2,4,1
706000,2,4,1
707000,2,4,1
708000,3,4,1
709000,3,4,1
710000,1,4,1
711000,1,3,1
712000,2,4,1
713000,1,4,0
714000,2,3,1
715000,1,2,1
716000,3,4,1
717000,1,3,0
718000,1,3,1
719000,2,3,1
720000,2,3,1
721000,2,3,1
722000,1,4,1
723000,1,4,1
724000,1,2,1
725000,2,4,1
726000,3,4,0
727000,2,3,1
728000,1,4,0
729000,1,2,1
730000,1,4,1
731000,1,2,1
732000,1,4,1
733000,2,3,1
734000,1,3,0
735000,1,3,0
736000,2,3,1
737000,2,3,1
738000,3,4,1
739000,2,3,1
740000,1,3,1
741000,1,4,1
742000,2,4,1
743000,2,3,1
744000,1,3,1
745000,2,4,1
746000,2,3,1
747000,1,2,1
748000,1,3,1
749000,1,4,1
750000,3,4,1
751000,1,4,0
752000,2,4,1
753000,1,2,1
754000,2,4,1
755000,1,2,1
756000,1,3,1
757000,2,3,1
758000,2,3,1
759000,1,2,0
760000,2,4,1
761000,2,4,1
762000,2,4,1
763000,2,4,0
764000,1,4,0
765000,2,3,1
766000,2,3,1
767000,2,4,1
768000,1,3,1
769000,1,3,1
770000,1,3,0
771000,1,4,1
772000,2,4,1
773000,1,2,1
774000,1,3,1
775000,2,3,1
776000,2,3,1
777000,1,3,1
778000,2,4,1
779000,2,3,1
780000,2,3,1
781000,1,4,1
782000,3,4,1
783000,1,2,0
784000,2,3,1
785000,3,4,1
786000,2,3,0
787000,1,2,1
788000,1,3,1
789000,2,4,1
790000,1,3,1
791000,1,2,1
792000,1,2,1
793000,1,4,1
794000,1,2,1
795000,1,3,1
796000,2,4,1
797000,1,4,1
798000,3,4,1
799000,1,4,1
800000,1,4,1
801000,1,2,1
802000,1,3,1
803000,1,2,1
804000,2,3,1
805000,1,3,0
806000,2,3,1
807000,1,2,1
808000,3,4,0
809000,1,3,1
810000,1,3,0
811000,1,2,1
812000,2,4,0
813000,1,3,1
814000,1,2,1
815000,2,4,1
816000,2,3,1
817000,2,4,1
818000,1,4,1
819000,1,3,0
820000,1,4,1
821000,2,3,1
822000,1,3,1
823000,1,3,1
824000,1,4,0
825000,1,4,1
826000,1,3,1
827000,3,4,1
828000,1,3,1
829000,1,2,1
830000,1,3,1
831000,2,4,1
832000,2,3,1
833000,3,4,1
834000,2,3,1
835000,1,3,0
836000,3,4,1
837000,2,3,1
838000,1,3,1
839000,2,4,1
840000,2,4,1
841000,2,3,1
842000,2,3,1
843000,3,4,0
844000,1,4,1
845000,1,2,1
846000,1,4,1
847000,2,4,1
848000,1,2,1
849000,2,4,1
850000,2,3,1
851000,2,4,1
852000,1,4,1
853000,3,4,1
854000,1,3,1
855000,3,4,1
856000,1,3,1
857000,2,3,0
858000,1,2,1
859000,2,3,1
860000,3,4,1
861000,1,4,1
862000,2,3,1
863000,1,2,1
864000,2,3,1
865000,1,4,1
866000,1,3,1
867000,2,3,1
868000,1,4,1
869000,1,3,1
870000,2,3,1
871000,1,3,1
872000,2,4,1
873000,1,2,1
874000,1,2,1
875000,2,4,1
876000,1,2,1
877000,2,4,1
878000,3,4,1
879000,1,3,1
880000,3,4,1
881000,2,3,1
882000,1,3,0
883000,2,3,1
884000,3,4,1
885000,2,4,1
886000,2,3,0
887000,2,4,1
888000,3,4,1
889000,3,4,1
890000,3,4,1
891000,1,2,1
892000,1,4,1
893000,1,2,1
894000,1,4,1
895000,1,2,1
896000,2,4,1
897000,1,4,1
898000,2,4,1
899000,3,4,1
900000,1,3,1
901000,2,3,1
902000,1,3,1
903000,1,4,1
904000,1,2,1
905000,3,4,1
906000,1,3,1
907000,2,4,1
908000,2,4,1
909000,1,4,1
910000,1,3,1
911000,2,3,1
912000,1,3,1
913000,3,4,1
914000,2,4,1
915000,3,4,1
916000,1,3,1
917000,1,4,0
918000,2,3,1
919000,2,4,1
920000,2,3,1
921000,2,4,1
922000,2,3,1
923000,1,2,1
924000,1,3,1
925000,1,3,1
926000,1,2,1
927000,2,3,1
928000,1,3,1
929000,2,4,1
930000,2,3,1
931000,2,3,1
932000,1,4,1
933000,2,3,1
934000,2,4,1
935000,2,3,1
936000,2,3,1
937000,1,2,1
938000,2,3,1
939000,2,4,1
940000,1,3,1
941000,1,2,1
942000,3,4,1
943000,1,2,1
944000,1,3,1
945000,2,3,0
946000,1,4,1
947000,1,4,1
948000,2,4,1
949000,3,4,1
950000,3,4,1
951000,1,2,1
952000,2,3,1
953000,2,3,1
954000,2,3,1
955000,2,3,1
956000,1,4,1
957000,3,4,1
958000,1,2,1
959000,2,4,0
960000,1,3,0
961000,2,3,0
962000,1,3,1
963000,1,4,1
964000,1,3,1
965000,3,4,1
966000,1,2,1
967000,1,3,0
968000,1,4,0
969000,1,4,0
970000,2,3,1
971000,2,3,1
972000,1,4,1
973000,2,4,1
974000,2,3,1
975000,2,4,1
976000,2,4,0
977000,1,3,1
978000,2,4,1
979000,1,3,1
980000,1,3,1
981000,1,2,1
982000,1,4,1
983000,1,4,1
984000,1,2,1
985000,3,4,1
986000,1,4,0
987000,3,4,1
988000,2,3,1
989000,1,2,1
990000,3,4,1
991000,2,3,1
992000,1,3,1
993000,2,4,0
994000,2,3,1
995000,1,2,1
996000,1,2,1
997000,1,4,1
998000,1,2,1
999000,1,4,1
1000000,2,3,1
1001000,1,4,1
1002000,1,2,1
1003000,1,3,1
1004000,3,4,1
1005000,2,3,1
1006000,3,4,1
1007000,1,2,1
1008000,2,4,1
1009000,2,3,1
1010000,2,3,1
1011000,2,4,1
1012000,2,3,1
1013000,2,4,1
1014000,1,4,1
1015000,1,3,1
1016000,2,4,1
1017000,1,3,0
1018000,1,4,1
1019000,2,3,1
1020000,1,2,1
1021000,3,4,1
1022000,2,3,1
1023000,3,4,1
1024000,1,4,0
1025000,1,3,1
1026000,2,4,1
1027000,2,4,1
1028000,1,3,1
1029000,1,3,1
1030000,3,4,1
1031000,1,3,1
1032000,3,4,1
1033000,2,4,1
1034000,2,3,1
1035000,1,4,1
1036000,1,2,1
1037000,1,3,1
1038000,2,3,1
1039000,1,3,1
1040000,1,2,1
1041000,1,2,1
1042000,1,2,1
1043000,1,4,0
1044000,2,3,1
1045000,2,3,1
1046000,1,4,1
1047000,1,3,1
1048000,3,4,1
1049000,1,4,1
1050000,1,2,1
1051000,3,4,1
1052000,1,3,1
1053000,1,2,1
1054000,3,4,1
1055000,1,4,1
1056000,2,4,1
1057000,1,2,1
1058000,3,4,1
1059000,1,2,1
1060000,2,3,1
1061000,1,4,1
1062000,3,4,1
1063000,1,2,1
1064000,2,3,1
1065000,3,4,1
1066000,2,3,1
1067000,1,2,1
1068000,3,4,1
1069000,3,4,1
1070000,2,3,1
1071000,2,4,1
1072000,2,3,1
1073000,3,4,1
1074000,1,2,1
1075000,2,4,1
1076000,2,3,1
1077000,3,4,1
1078000,1,3,1
1079000,2,4,1
1080000,1,2,1
1081000,1,3,1
1082000,1,3,1
1083000,2,3,1
1084000,3,4,1
1085000,1,3,1
1086000,1,4,1
1087000,2,4,1
1088000,1,2,1
1089000,1,3,1
1090000,1,4,1
1091000,3,4,0
1092000,3,4,1
1093000,2,4,1
1094000,1,4,1
1095000,1,4,1
1096000,3,4,1
1097000,3,4,1
1098000,2,3,1
1099000,2,4,1
1100000,2,3,1
1101000,2,3,1
1102000,1,3,1
1103000,1,2,1
1104000,1,2,1
1105000,2,3,1
1106000,1,4,1
1107000,2,4,1
1108000,1,3,1
1109000,1,4,1
1110000,2,4,1
1111000,1,3,0
1112000,2,3,1
1113000,1,4,1
1114000,1,3,1
1115000,1,4,1
1116000,2,4,1
1117000,1,2,1
1118000,2,4,1
1119000,1,3,1
1120000,2,3,1
1121000,3,4,1
1122000,1,2,1
1123000,1,2,1
1124000,3,4,1
1125000,2,3,1
1126000,1,4,1
1127000,2,4,1
1128000,1,3,1
1129000,1,4,1
1130000,1,3,1
1131000,1,3,1
1132000,1,3,1
1133000,1,3,1
1134000,1,2,1
1135000,1,3,1
1136000,1,3,0
1137000,1,3,1
1138000,2,3,1
1139000,1,3,1
1140000,1,4,1
1141000,2,4,1
1142000,1,2,1
1143000,1,3,1
1144000,1,3,1
1145000,1,4,1
1146000,1,3,1
1147000,1,4,1
1148000,2,3,1
1149000,1,2,1
1150000,3,4,1
1151000,1,2,1
1152000,2,3,1
1153000,1,3,1
1154000,1,2,1
1155000,1,3,1
1156000,3,4,1
1157000,2,3,1
1158000,1,3,1
1159000,1,4,1
1160000,2,3,1
1161000,1,4,1
1162000,2,3,1
1163000,1,2,1
1164000,1,4,1
1165000,1,4,1
1166000,2,4,1
1167000,1,2,1
1168000,1,2,1
1169000,2,3,1
1170000,2,3,0
1171000,1,2,1
1172000,3,4,1
1173000,2,3,1
1174000,2,4,1
1175000,2,4,1
1176000,1,3,0
1177000,1,4,1
1178000,3,4,1
1179000,1,2,1
1180000,1,2,1
1181000,2,4,1
1182000,3,4,1
1183000,1,2,1
1184000,1,3,1
1185000,2,4,1
1186000,1,4,1
1187000,2,3,1
1188000,2,4,1
1189000,2,3,1
1190000,1,2,1
1191000,2,3,1
1192000,2,3,1
1193000,3,4,1
1194000,1,2,1
1195000,1,2,1
1196000,2,3,1
1197000,2,3,0
1198000,1,3,1
1199000,3,4,1
1200000,1,4,1
1201000,3,4,1
1202000,1,3,1
1203000,3,4,1
1204000,2,4,1
1205000,1,3,1
1206000,3,4,1
1207000,1,3,0
1208000,2,4,1
1209000,2,4,0
1210000,3,4,1
1211000,1,2,1
1212000,3,4,1
1213000,1,4,1
1214000,2,3,1
1215000,3,4,1
1216000,2,4,1
1217000,2,4,0
1218000,2,4,1
1219000,1,3,1
1220000,2,3,1
1221000,1,2,1
1222000,1,4,1
1223000,1,3,1
1224000,1,2,1
1225000,2,4,1
1226000,2,3,1
1227000,2,4,1
1228000,1,2,1
1229000,2,3,1
1230000,2,3,1
1231000,2,3,1
1232000,1,2,1
1233000,1,2,1
1234000,2,4,1
1235000,1,3,1
1236000,1,3,1
1237000,3,4,1
1238000,1,3,1
1239000,1,4,1
1240000,1,3,1
1241000,2,4,1
1242000,1,2,1
1243000,3,4,1
1244000,1,2,1
1245000,2,3,1
1246000,1,2,1
1247000,2,3,1
1248000,1,3,1
1249000,1,2,1
1250000,2,3,1
1251000,3,4,1
1252000,1,2,1
1253000,1,4,0
1254000,2,3,1
1255000,1,3,0
1256000,2,3,0
1257000,2,4,0
1258000,3,4,0
1259000,2,3,1
1260000,1,3,1
1261000,2,4,1
1262000,1,4,1
1263000,2,3,1
1264000,1,2,1
1265000,1,3,0
1266000,1,4,1
1267000,1,3,1
1268000,1,2,1
1269000,1,4,1
1270000,1,2,0
1271000,1,2,1
1272000,3,4,1
1273000,1,2,1
1274000,2,4,1
1275000,2,3,1
1276000,2,4,0
1277000,2,3,1
1278000,3,4,1
1279000,2,3,1
1280000,1,2,1
1281000,3,4,1
1282000,3,4,1
1283000,2,3,1
1284000,3,4,1
1285000,2,4,1
1286000,1,4,1
1287000,1,2,1
1288000,1,3,0
1289000,1,4,1
1290000,3,4,1
1291000,1,3,1
1292000,1,3,1
1293000,2,4,1
1294000,1,3,1
1295000,1,3,1
1296000,1,3,1
1297000,1,3,1
1298000,3,4,1
1299000,2,4,1
1300000,2,4,1
1301000,1,3,1
1302000,1,3,1
1303000,2,3,1
1304000,3,4,1
1305000,1,3,1
1306000,3,4,1
1307000,2,3,1
1308000,1,2,1
1309000,2,3,0
1310000,2,3,1
1311000,1,2,1
1312000,2,3,1
1313000,2,4,1
1314000,1,4,1
1315000,1,4,1
1316000,1,2,1
1317000,3,4,1
1318000,2,4,1
1319000,2,3,1
1320000,1,3,1
1321000,1,2,1
1322000,1,3,1
1323000,3,4,1
1324000,1,2,0
1325000,2,3,1
1326000,1,3,1
1327000,1,4,1
1328000,3,4,1
1329000,2,4,1
1330000,2,3,1
1331000,3,4,1
1332000,3,4,1
1333000,2,3,1
1334000,2,3,1
1335000,1,3,1
1336000,1,3,1
1337000,2,4,1
1338000,1,2,1
1339000,1,2,1
1340000,1,3,0
1341000,3,4,1
1342000,1,2,1
1343000,1,3,1
1344000,1,2,1
1345000,2,3,1
1346000,3,4,1
1347000,2,3,1
1348000,3,4,1
1349000,1,4,1
1350000,1,4,0
1351000,3,4,1
1352000,1,3,1
1353000,2,3,1
1354000,2,4,1
1355000,2,3,1
1356000,1,3,1
1357000,1,2,1
1358000,1,4,1
1359000,2,3,1
1360000,2,4,0
1361000,1,4,0
1362000,2,4,0
1363000,2,4,0
1364000,3,4,1
1365000,3,4,1
1366000,1,2,1
1367000,3,4,1
1368000,1,3,1
1369000,2,4,1
1370000,1,3,0
1371000,1,4,1
1372000,1,4,1
1373000,2,4,1
1374000,1,4,0
1375000,1,2,1
1376000,1,4,0
1377000,2,4,1
1378000,1,2,1
1379000,1,2,1
1380000,1,3,1
1381000,3,4,1
1382000,1,2,1
1383000,2,3,1
1384000,3,4,1
1385000,1,3,1
1386000,2,3,1
1387000,1,2,0
1388000,1,3,0
1389000,2,4,1
1390000,1,2,1
1391000,1,3,1
1392000,1,4,1
1393000,3,4,1
1394000,2,4,1
1395000,1,3,1
1396000,1,3,1
1397000,1,3,1
1398000,2,3,1
1399000,2,3,1
1400000,3,4,1
1401000,2,4,1
1402000,3,4,1
1403000,3,4,1
1404000,1,2,1
1405000,1,3,1
1406000,2,4,1
1407000,3,4,1
1408000,1,2,1
1409000,1,2,1
1410000,1,4,1
1411000,2,3,1
1412000,1,2,1
1413000,2,3,1
1414000,1,3,1
1415000,1,2,1
1416000,2,4,1
1417000,1,4,1
1418000,1,4,1
1419000,2,3,1
1420000,2,3,1
1421000,1,3,1
1422000,1,2,1
1423000,1,2,1
1424000,3,4,1
1425000,1,4,0
1426000,1,2,1
1427000,1,3,1
1428000,2,4,1
1429000,2,4,1
1430000,3,4,1
1431000,1,4,0
1432000,2,4,1
1433000,1,2,1
1434000,1,2,1
1435000,2,4,1
1436000,3,4,1
1437000,2,3,0
1438000,1,4,1
1439000,1,2,1
1440000,1,3,1
1441000,1,4,1
1442000,1,4,1
1443000,2,4,1
1444000,1,2,1
1445000,2,3,1
1446000,2,3,1
1447000,2,3,1
1448000,1,3,1
1449000,2,3,1
1450000,2,3,1
1451000,1,2,1
1452000,1,2,1
1453000,1,3,1
1454000,1,2,1
1455000,2,4,1
1456000,2,4,1
1457000,1,4,0
1458000,2,3,1
1459000,3,4,1
1460000,1,3,1
1461000,3,4,1
1462000,2,4,1
1463000,1,3,1
1464000,1,3,0
1465000,2,4,1
1466000,1,3,1
1467000,1,4,1
1468000,1,3,1
1469000,2,3,1
1470000,3,4,1
1471000,1,3,0
1472000,1,2,1
1473000,1,2,1
1474000,2,4,0
1475000,3,4,1
1476000,1,2,0
1477000,1,4,0
1478000,1,3,1
1479000,3,4,0
1480000,3,4,1
1481000,2,3,1
1482000,2,4,1
1483000,2,4,0
1484000,1,2,1
1485000,2,4,1
1486000,1,3,0
1487000,2,3,1
1488000,2,3,1
1489000,3,4,1
1490000,3,4,1
1491000,1,4,0
1492000,1,2,1
1493000,2,4,0
1494000,3,4,1
1495000,3,4,1
1496000,1,4,1
1497000,2,4,1
1498000,1,3,1
1499000,3,4,1
1500000,1,3,1
1501000,2,3,1
1502000,3,4,1
1503000,1,2,1
1504000,1,4,0
1505000,2,3,1
1506000,2,3,1
1507000,1,4,0
1508000,1,4,1
1509000,2,3,1
1510000,2,3,1
1511000,2,4,1
1512000,2,4,0
1513000,2,4,1
1514000,1,3,1
1515000,2,3,1
1516000,1,4,1
1517000,1,2,1
1518000,2,3,1
1519000,1,4,1
1520000,1,3,1
1521000,3,4,1
1522000,3,4,1
1523000,1,3,0
1524000,1,4,0
1525000,2,4,1
1526000,1,2,1
1527000,1,2,1
1528000,3,4,1
1529000,1,4,1
1530000,2,3,1
1531000,1,3,1
1532000,1,3,1
1533000,3,4,1
1534000,1,3,1
1535000,2,3,1
1536000,2,4,1
1537000,1,2,0
1538000,3,4,1
1539000,2,4,1
1540000,1,2,1
1541000,1,3,1
1542000,1,3,1
1543000,1,4,1
1544000,1,4,1
1545000,1,4,1
1546000,3,4,1
1547000,2,3,1
1548000,1,4,1
1549000,1,3,1
1550000,1,2,1
1551000,2,4,1
1552000,2,4,1
1553000,3,4,1
1554000,3,4,0
1555000,2,4,1
1556000,2,3,1
1557000,1,4,1
1558000,2,3,1
1559000,1,2,0
1560000,1,3,1
1561000,1,4,1
1562000,1,3,1
1563000,1,3,1
1564000,1,3,1
1565000,1,4,0
1566000,2,4,1
1567000,2,4,0
1568000,3,4,1
1569000,2,3,1
1570000,1,4,1
1571000,1,2,1
1572000,1,2,1
1573000,2,4,1
1574000,3,4,1
1575000,3,4,1
1576000,3,4,1
1577000,2,3,0
1578000,1,2,1
1579000,3,4,1
1580000,2,4,1
1581000,1,3,1
1582000,1,3,1
1583000,1,3,0
1584000,1,2,0
1585000,1,4,1
1586000,2,4,1
1587000,2,4,1
1588000,1,4,1
1589000,2,4,1
1590000,2,3,1
1591000,2,4,1
1592000,1,4,1
1593000,2,4,1
1594000,2,4,1
1595000,2,4,1
1596000,1,3,1
1597000,2,3,1
1598000,3,4,0
1599000,1,3,1
1600000,1,3,1
1601000,1,4,1
1602000,1,4,1
1603000,2,4,1
1604000,1,3,1
1605000,2,4,1
1606000,2,4,1
1607000,1,3,1
1608000,2,3,1
1609000,1,3,1
1610000,1,3,1
1611000,1,4,1
1612000,1,3,1
1613000,2,3,0
1614000,2,3,1
1615000,2,4,1
1616000,3,4,1
1617000,2,3,1
1618000,1,4,1
1619000,2,4,1
1620000,1,3,1
1621000,1,2,1
1622000,1,3,1
1623000,1,2,1
1624000,2,3,1
1625000,3,4,1
1626000,2,4,1
1627000,2,4,1
1628000,1,2,1
1629000,1,2,1
1630000,3,4,1
1631000,1,2,1
1632000,2,3,1
1633000,1,2,1
1634000,2,3,1
1635000,3,4,1
1636000,1,3,1
1637000,1,3,1
1638000,2,4,0
1639000,2,4,1
1640000,1,2,1
1641000,1,2,1
1642000,1,2,1
1643000,3,4,1
1644000,2,3,1
1645000,2,3,1
1646000,1,2,1
1647000,1,2,1
1648000,2,4,0
1649000,2,3,1
1650000,1,4,1
1651000,2,4,1
1652000,2,3,1
1653000,3,4,1
1654000,2,3,0
1655000,1,2,1
1656000,1,4,0
1657000,1,3,1
1658000,1,3,1
1659000,2,3,1
1660000,2,3,1
1661000,1,3,0
1662000,1,2,1
1663000,1,2,1
1664000,3,4,1
1665000,1,2,1
1666000,2,3,0
1667000,1,3,1
1668000,1,4,1
1669000,1,2,1
1670000,2,3,1
1671000,2,3,1
1672000,3,4,1
1673000,1,3,1
1674000,1,4,1
1675000,2,3,1
1676000,1,3,1
1677000,3,4,1
1678000,2,4,1
1679000,1,3,0
1680000,3,4,1
1681000,1,4,1
1682000,2,4,1
1683000,2,3,1
1684000,3,4,0
1685000,1,3,1
1686000,2,3,1
1687000,3,4,1
1688000,3,4,1
1689000,3,4,1
1690000,3,4,1
1691000,1,2,1
1692000,1,3,1
1693000,3,4,1
1694000,2,3,1
1695000,3,4,1
1696000,1,2,1
1697000,1,4,1
1698000,2,4,0
1699000,1,3,1
1700000,1,4,1
1701000,1,4,1
1702000,1,2,1
1703000,2,4,1
1704000,1,3,1
1705000,2,3,1
1706000,2,4,1
1707000,1,2,0
1708000,1,2,0
1709000,1,3,0
1710000,3,4,1
1711000,2,3,1
1712000,3,4,1
1713000,1,3,1
1714000,1,4,1
1715000,3,4,1
1716000,2,3,1
1717000,1,4,1
1718000,1,3,1
1719000,1,4,0
1720000,1,3,1
1721000,1,4,1
1722000,1,4,1
1723000,2,3,1
1724000,2,3,1
1725000,2,3,1
1726000,1,4,1
1727000,3,4,1
1728000,3,4,1
1729000,1,2,1
1730000,1,4,0
1731000,2,4,1
1732000,3,4,1
1733000,1,3,0
1734000,2,4,1
1735000,3,4,1
1736000,1,2,1
1737000,3,4,1
1738000,1,3,1
1739000,1,4,1
1740000,2,4,0
1741000,2,4,1
1742000,1,4,0
1743000,1,4,0
1744000,2,3,1
1745000,3,4,1
1746000,1,3,1
1747000,1,3,1
1748000,1,4,0
1749000,3,4,1
1750000,2,3,1
1751000,1,4,0
1752000,3,4,1
1753000,2,4,1
1754000,1,2,1
1755000,2,4,1
1756000,3,4,1
1757000,3,4,1
1758000,3,4,1
1759000,1,4,1
1760000,1,3,1
1761000,1,4,1
1762000,3,4,1
1763000,2,4,1
1764000,2,3,1
1765000,1,3,1
1766000,2,4,1
1767000,1,3,1
1768000,1,4,1
1769000,2,4,1
1770000,3,4,1
1771000,1,2,1
1772000,2,4,0
1773000,1,4,1
1774000,1,4,1
1775000,1,4,1
1776000,1,3,0
1777000,1,2,1
1778000,3,4,1
1779000,1,3,1
1780000,2,3,1
1781000,3,4,1
1782000,1,3,1
1783000,1,2,1
1784000,1,3,1
1785000,1,4,1
1786000,1,3,1
1787000,1,4,1
1788000,1,2,1
1789000,3,4,1
1790000,2,3,1
1791000,2,3,0
1792000,1,3,1
1793000,2,4,1
1794000,2,4,1
1795000,3,4,1
1796000,2,3,1
1797000,2,3,1
1798000,1,3,1
1799000,1,3,1
1800000,2,3,1
1801000,1,4,1
1802000,1,3,1
1803000,1,4,0
1804000,3,4,1
1805000,2,3,1
1806000,1,2,1
1807000,2,4,1
1808000,1,2,1
1809000,2,4,1
1810000,2,3,1
1811000,1,2,1
1812000,1,4,0
1813000,1,2,1
1814000,2,3,1
1815000,1,4,1
1816000,2,4,1
1817000,1,3,1
1818000,1,2,1
1819000,2,4,1
1820000,1,3,1
1821000,1,4,1
1822000,1,4,0
1823000,3,4,1
1824000,1,2,1
1825000,2,3,1
1826000,2,3,1
1827000,3,4,1
1828000,1,4,0
1829000,1,4,0
1830000,2,4,0
1831000,2,4,1
1832000,2,3,1
1833000,3,4,1
1834000,3,4,0
1835000,2,4,1
1836000,1,3,1
1837000,1,3,1
1838000,3,4,1
1839000,1,4,1
1840000,3,4,1
1841000,2,4,1
1842000,1,2,1
1843000,2,3,1
1844000,3,4,1
1845000,2,3,0
1846000,1,4,1
1847000,1,3,0
1848000,1,4,0
1849000,3,4,1
1850000,3,4,1
1851000,1,3,1
1852000,2,4,1
1853000,2,4,1
1854000,1,2,1
1855000,3,4,0
1856000,2,4,1
1857000,3,4,1
1858000,1,4,1
1859000,3,4,1
1860000,2,4,1
1861000,1,3,1
1862000,1,3,1
1863000,1,4,1
1864000,3,4,1
1865000,1,4,1
1866000,3,4,1
1867000,2,3,1
1868000,2,4,1
1869000,1,4,0
1870000,1,4,0
1871000,1,4,1
1872000,3,4,1
1873000,1,3,1
1874000,2,3,0
1875000,3,4,1
1876000,1,4,0
1877000,1,4,0
1878000,2,4,0
1879000,3,4,1
1880000,1,4,1
1881000,3,4,1
1882000,1,2,1
1883000,2,3,1
1884000,1,2,1
1885000,1,3,0
1886000,1,2,1
1887000,2,4,0
1888000,1,2,1
1889000,1,2,1
1890000,3,4,0
1891000,1,2,1
1892000,1,3,0
1893000,1,2,0
1894000,1,2,0
1895000,2,3,1
1896000,2,3,1
1897000,1,4,1
1898000,3,4,1
1899000,1,2,1
1900000,1,4,1
1901000,3,4,1
1902000,3,4,1
1903000,2,3,1
1904000,1,3,1
1905000,3,4,1
1906000,1,4,1
1907000,1,2,1
1908000,1,3,1
1909000,2,3,1
1910000,2,3,1
1911000,2,4,1
1912000,1,2,1
1913000,2,3,1
1914000,1,2,1
1915000,3,4,1
1916000,1,3,0
1917000,1,4,1
1918000,3,4,1
1919000,2,3,1
1920000,1,3,1
1921000,1,2,1
1922000,1,2,1
1923000,2,4,1
1924000,3,4,1
1925000,2,4,1
1926000,1,3,1
1927000,1,4,0
1928000,1,3,0
1929000,3,4,1
1930000,1,4,0
1931000,3,4,1
1932000,2,3,1
1933000,1,2,1
1934000,1,4,1
1935000,2,4,0
1936000,3,4,1
1937000,2,4,0
1938000,2,3,1
1939000,2,3,1
1940000,2,4,1
1941000,2,3,1
1942000,1,3,1
1943000,1,4,1
1944000,2,4,1
1945000,3,4,1
1946000,2,3,1
1947000,2,3,1
1948000,1,2,0
1949000,1,2,1
1950000,1,3,0
1951000,2,3,1
1952000,1,4,1
1953000,3,4,1
1954000,1,4,1
1955000,1,3,0
1956000,1,3,1
1957000,1,2,1
1958000,1,4,1
1959000,1,3,1
1960000,2,3,1
1961000,1,3,1
1962000,1,3,1
1963000,1,2,1
1964000,3,4,1
1965000,3,4,1
1966000,2,3,1
1967000,2,3,1
1968000,1,2,1
1969000,3,4,1
1970000,1,3,0
1971000,3,4,1
1972000,1,3,1
1973000,3,4,0
1974000,3,4,1
1975000,1,4,1
1976000,1,2,1
1977000,1,2,1
1978000,2,3,1
1979000,1,2,1
1980000,2,3,1
1981000,1,4,1
1982000,2,3,1
1983000,2,3,1
1984000,1,2,1
1985000,1,4,1
1986000,1,2,1
1987000,1,3,1
1988000,3,4,1
1989000,2,4,1
1990000,3,4,0
1991000,3,4,1
1992000,1,2,1
1993000,1,4,1
1994000,1,3,1
1995000,1,3,1
1996000,1,4,1
1997000,1,2,1
1998000,2,4,1
1999000,1,4,1
2000000,3,4,1
