generation,N_shifts,logPrior,logLik,eventRate,acceptRate
0,0,0.120855,-5208.39,1,0
1000,0,-0.517312,-3492.24,0.13188,0.235764
2000,0,-0.264372,-3490.2,0.284911,0.181
3000,0,0.356428,-3491.01,0.0324704,0.190936
4000,0,-1.54093,-3490.04,2.12403,0.1875
5000,0,-0.0175662,-3490.56,0.794911,0.163
6000,0,-0.442962,-3489.71,1.18297,0.167
7000,1,0.893522,-3493.41,0.0207783,0.18575
8000,0,0.389817,-3489.45,0.321859,0.227
9000,0,0.417023,-3490.22,0.356297,0.174
10000,1,-2.95743,-3490.27,1.35593,0.188681
11000,0,0.698989,-3488.66,0.000768968,0.184667
12000,0,-1.67838,-3489.87,2.35951,0.163
13000,0,0.389409,-3490.13,0.279254,0.185333
14000,1,0.15821,-3494.65,1.13778,0.186375
15000,0,0.419334,-3490.66,0.294675,0.177333
16000,0,0.410605,-3490.41,0.184553,0.182
17000,0,-0.979427,-3490.55,0.0188323,0.154
18000,0,-0.0297682,-3490.69,0.102068,0.1716
19000,1,-1.84918,-3460.46,1.35666,0.226
20000,1,-2.22115,-3459.57,2.00519,0.205333
21000,2,-2.42819,-3465.3,0.630434,0.333
22000,1,0.339281,-3459.78,0.41746,0.2378
23000,1,-1.12859,-3460.96,0.895527,0.305333
24000,1,-3.67516,-3460.56,3.27462,0.3502
25000,1,-0.776718,-3460.78,1.45303,0.36
26000,1,-0.590938,-3463.15,1.55601,0.3545
27000,1,-0.641078,-3463.26,0.913938,0.325
28000,1,-1.47791,-3460.01,2.11143,0.351
29000,1,-1.26173,-3465.21,2.16475,0.352
30000,1,-0.522791,-3459.24,1.09628,0.372
31000,1,-1.15663,-3460.22,2.30742,0.3649
32000,1,-1.44927,-3463,1.08566,0.365625
33000,1,-1.9828,-3460.51,0.245743,0.402
34000,1,-1.12581,-3463.83,1.03174,0.368
35000,1,-0.615817,-3459.74,0.341894,0.355
36000,1,-0.515964,-3460.39,0.932562,0.366
37000,1,-0.325218,-3459.28,0.45799,0.331
38000,1,-0.985707,-3462.06,0.983883,0.356
39000,2,-6.73984,-3414.53,3.90152,0.366
40000,4,-3.07326,-3403.17,0.677523,0.394
41000,4,-2.80804,-3404.9,3.3557,0.429
42000,4,-7.01889,-3403.44,5.48963,0.39125
43000,3,-4.44456,-3402.39,2.67676,0.392
44000,3,-3.81922,-3403.47,2.55871,0.3753
45000,3,-2.28626,-3401.01,1.64725,0.357
46000,3,-5.48438,-3403.77,2.24761,0.351
47000,4,-10.7642,-3407.24,4.1586,0.319
48000,4,-2.35573,-3399.93,1.61307,0.419
49000,4,0.0217485,-3407.37,0.508294,0.371
50000,3,-0.801891,-3403.93,1.87214,0.403
51000,3,-4.51764,-3409.53,1.2042,0.369
52000,3,-1.08406,-3409.23,1.02372,0.381
53000,4,-2.0496,-3396.94,2.96443,0.385
54000,5,-2.41601,-3386.4,2.57708,0.384
55000,5,-3.4549,-3389.39,3.355,0.37
56000,5,-4.63019,-3381.71,3.58572,0.35
57000,6,-7.929,-3370.85,4.318,0.38
58000,6,-2.23578,-3358.22,2.3271,0.398
59000,8,-4.455,-3374.21,4.67285,0.404333
60000,6,-2.20231,-3355.97,4.73874,0.380706
61000,6,-2.21311,-3356.11,1.52438,0.414
62000,7,-5.76928,-3352.51,4.56424,0.387
63000,8,-3.29393,-3364.87,2.27008,0.425
64000,8,-8.30819,-3358.92,6.02687,0.416
65000,7,-4.44404,-3350.18,2.88678,0.408333
66000,7,-1.51892,-3347.85,1.94716,0.394
67000,6,-3.37059,-3349.8,3.23144,0.386
68000,7,-7.80284,-3352.8,2.4527,0.404
69000,6,-1.00454,-3382.16,3.07886,0.3905
70000,5,-2.66872,-3383.5,1.90522,0.411
71000,7,-5.35363,-3335.5,5.15553,0.424667
72000,6,-3.61727,-3329.17,2.82393,0.383
73000,8,-7.98197,-3314.96,3.76775,0.39
74000,10,-6.36285,-3327.44,6.5589,0.419125
75000,8,-6.14394,-3322.39,5.66758,0.403
76000,10,-7.33299,-3318.2,5.93431,0.381
77000,9,-9.02781,-3349.77,4.9683,0.402692
78000,9,-8.84318,-3355.72,6.40869,0.397
79000,8,-7.68779,-3372.02,2.10765,0.396667
80000,8,-10.4543,-3374.41,4.00302,0.397
81000,9,-5.33862,-3368.24,1.52863,0.464
82000,9,-4.34245,-3364.36,3.67201,0.423
83000,7,-10.2968,-3344.9,3.56319,0.4
84000,11,-10.429,-3312.65,7.01273,0.400125
85000,11,-9.44509,-3310.1,5.25076,0.425
86000,10,-12.2402,-3309.57,4.80334,0.409
87000,11,-7.56678,-3309.17,6.82919,0.421
88000,12,-3.75345,-3311.91,3.59494,0.415
89000,9,-1.25811,-3304.88,4.54811,0.383
90000,6,-2.39908,-3338.89,3.3001,0.419
91000,6,-4.3742,-3338.44,6.44143,0.393
92000,10,-5.05384,-3312.43,4.50397,0.435526
93000,9,-0.964865,-3312.91,3.12109,0.412
94000,9,-0.989515,-3307.91,2.88705,0.43
95000,8,-3.61597,-3329.09,3.8966,0.4145
96000,9,-7.25812,-3326.63,4.0224,0.419
97000,11,-4.57366,-3327.51,4.99062,0.408789
98000,9,-11.1992,-3305.46,6.67975,0.44025
99000,9,-13.0238,-3305.5,7.25587,0.434
100000,10,-2.26528,-3327.39,5.08212,0.420333
101000,10,-8.99599,-3321.44,4.39739,0.4256
102000,11,-1.60199,-3324.05,3.42594,0.439
103000,9,-4.9225,-3328,6.84984,0.406
104000,9,-5.76491,-3328.49,5.09653,0.385
105000,8,-4.49283,-3325.89,2.60076,0.346
106000,9,-12.5106,-3327.12,6.82286,0.4026
107000,10,-11.1705,-3301.81,7.43322,0.408625
108000,15,-11.2873,-3311.76,6.02708,0.422
109000,13,-10.3765,-3308.59,5.812,0.435
110000,11,-9.22622,-3312.43,3.86545,0.43625
111000,9,-5.63936,-3308.73,5.14462,0.45275
112000,9,-5.6591,-3303.85,7.43729,0.437
113000,11,-9.77481,-3302.71,6.44064,0.42
114000,10,-7.35686,-3301.08,5.71379,0.431
115000,14,-16.7086,-3271.69,8.2004,0.4075
116000,13,-17.1427,-3261.55,9.00357,0.403
117000,14,-16.3754,-3263.25,7.96844,0.379
118000,16,-17.3803,-3268.7,8.90116,0.404
119000,16,-9.84411,-3269.91,7.44992,0.399
120000,16,-14.0434,-3268.1,4.89003,0.424
121000,17,-22.7616,-3289.06,9.7555,0.446
122000,14,-10.367,-3285.39,7.85993,0.459
123000,9,-5.91064,-3290.95,3.4911,0.437364
124000,13,-12.8861,-3283.17,7.09663,0.452
125000,14,-9.80592,-3293.72,6.56716,0.422
126000,11,-15.3046,-3290.18,6.96739,0.416
127000,12,-12.4659,-3289.46,4.16067,0.423
128000,12,-8.90321,-3288.92,6.30316,0.432
129000,16,-8.82048,-3274.54,5.31323,0.416778
130000,15,-14.5424,-3259.28,7.73669,0.372
131000,16,-18.6756,-3268.17,8.59718,0.416
132000,14,-16.4815,-3262.32,7.27743,0.396
133000,17,-26.9793,-3261.42,9.59335,0.387
134000,17,-14.495,-3302.14,4.78847,0.4225
135000,17,-24.9837,-3267.4,6.96316,0.447571
136000,19,-28.4344,-3259.6,9.01882,0.451
137000,13,-23.4305,-3272.92,9.42476,0.425286
138000,12,-24.9852,-3265.9,7.48572,0.38
139000,13,-12.1782,-3273.36,4.57818,0.391667
140000,14,-8.2089,-3270.71,5.63863,0.41
141000,19,-26.6457,-3264.43,11.0472,0.421
142000,16,-6.48963,-3272.82,7.59329,0.417
143000,14,-16.9491,-3266.13,4.76538,0.426
144000,17,-35.5727,-3270.17,19.4314,0.434
145000,15,-17.9995,-3279.54,6.1874,0.434
146000,13,-13.3678,-3278.94,5.29575,0.43
147000,14,-12.1963,-3273.5,5.98081,0.4394
148000,13,-9.0808,-3276.47,6.05376,0.405
149000,14,-12.7677,-3265.76,7.40037,0.395
150000,15,-11.8094,-3268.3,6.67206,0.426
151000,17,-18.2187,-3265.54,11.3005,0.445
152000,16,-12.7921,-3270.87,7.1318,0.439
153000,15,-20.4779,-3262.22,10.3397,0.432
154000,16,-17.0785,-3275.87,4.53622,0.440375
155000,18,-14.0661,-3281.47,7.88803,0.503
156000,17,-17.3495,-3277.26,10.5383,0.458
157000,15,-15.3121,-3284.95,7.59877,0.479
158000,15,-26.2977,-3291.09,9.23239,0.448333
159000,13,-7.62311,-3285.6,4.02812,0.439
160000,13,-10.8654,-3282.82,7.10265,0.449
161000,13,-8.23139,-3282.94,5.98518,0.404
162000,19,-14.8745,-3250.84,7.74617,0.446333
163000,22,-26.9691,-3257.28,13.3259,0.506
164000,20,-19.1017,-3245.08,7.14448,0.477
165000,18,-17.8758,-3269.27,13.6699,0.44075
166000,15,-17.0781,-3271.16,6.94694,0.47
167000,14,-13.8766,-3274.91,5.46689,0.382
168000,16,-26.5894,-3263.22,10.0841,0.4261
169000,16,-23.9827,-3264.77,6.02995,0.434
170000,18,-31.587,-3252.71,7.80514,0.414
171000,16,-18.5765,-3248.76,7.82319,0.447714
172000,17,-18.5111,-3255.85,7.55059,0.434
173000,16,-23.581,-3256.52,17.2134,0.428
174000,17,-19.6095,-3250.68,11.6877,0.407
175000,15,-14.9942,-3262.22,8.79101,0.395
176000,16,-13.8839,-3251.72,7.48102,0.424
177000,16,-14.0885,-3255.75,8.36722,0.404
178000,15,-12.1201,-3259.07,7.87558,0.427
179000,15,-20.1243,-3256.14,6.44568,0.408
180000,14,-18.2958,-3264.61,9.99121,0.427
181000,16,-20.2085,-3266.21,8.49735,0.436
182000,15,-14.1525,-3258.95,4.66377,0.428
183000,16,-19.6367,-3258.14,8.11231,0.448
184000,17,-16.545,-3258.39,6.23967,0.432
185000,15,-4.28282,-3279.58,7.36514,0.440029
186000,11,-6.28425,-3298.43,5.244,0.419842
187000,16,-13.743,-3259.95,7.35755,0.439
188000,14,-12.9031,-3271.75,9.42907,0.429
189000,14,-6.89788,-3267.83,6.97749,0.422
190000,20,-30.3074,-3266.93,9.36751,0.472
191000,22,-27.7977,-3265.17,17.2772,0.436714
192000,22,-30.3145,-3272.23,13.7333,0.457
193000,19,-17.9302,-3254.74,12.8773,0.445
194000,17,-11.5339,-3262.07,5.21676,0.436
195000,19,-16.6762,-3264.6,11.597,0.431
196000,17,-15.9017,-3265.09,9.63035,0.409
197000,12,-11.2139,-3273.4,3.56154,0.4343
198000,12,-9.12399,-3274.25,5.26466,0.403
199000,12,-10.1115,-3272.42,5.33223,0.408
200000,12,-13.1945,-3291.69,6.18776,0.4295
201000,13,-9.45626,-3279.5,5.07514,0.403
202000,13,-12.4853,-3281.93,4.93019,0.393
203000,11,-8.56645,-3286.83,5.99571,0.422
204000,15,-19.8979,-3291.1,10.198,0.398
205000,14,-15.4048,-3294.8,9.78753,0.429
206000,13,-10.5099,-3273.23,6.31768,0.428438
207000,14,-3.98155,-3274.46,6.13601,0.404
208000,15,-0.340011,-3274.3,4.40587,0.462
209000,15,-18.2564,-3265.17,8.29279,0.436462
210000,16,-21.9613,-3269.79,9.82684,0.387
211000,16,-11.9937,-3278.57,6.06118,0.475667
212000,15,-18.4422,-3273.98,8.52774,0.402
213000,15,-12.2556,-3278.41,6.28079,0.45
214000,13,-14.2591,-3280.76,8.65322,0.411333
215000,15,-13.1049,-3269.04,10.5585,0.4108
216000,14,-15.9276,-3262.29,11.8709,0.423
217000,12,-12.1604,-3277.72,7.95793,0.43025
218000,12,-8.04055,-3285.91,5.0309,0.419563
219000,14,-10.679,-3279.08,5.68255,0.4015
220000,13,-21.5457,-3277.39,5.83521,0.417833
221000,10,-14.8148,-3272.3,5.53778,0.422333
222000,11,-7.296,-3279.74,3.13658,0.407
223000,12,-9.01534,-3278.47,7.04052,0.387
224000,14,-13.4976,-3249.27,10.7233,0.417
225000,15,-15.5472,-3260.36,7.17863,0.424
226000,15,-12.5624,-3254.05,9.56378,0.444
227000,17,-11.6453,-3258.84,7.80202,0.459
228000,17,-9.079,-3268.44,5.45322,0.443
229000,16,-14.4791,-3256.34,7.62159,0.451
230000,16,-21.0488,-3279.73,11.3449,0.4232
231000,14,-18.2672,-3281.81,8.13316,0.425
232000,16,-24.3927,-3288.53,12.3461,0.43
233000,16,-18.5264,-3287.81,12.8177,0.429
234000,18,-11.0589,-3292.33,9.80538,0.443
235000,15,-20.9399,-3279.05,9.55046,0.464
236000,15,-8.09473,-3284.14,8.6607,0.439769
237000,22,-29.533,-3246.77,13.8067,0.447
238000,20,-22.5824,-3249.3,14.6586,0.472
239000,19,-16.5039,-3246.62,8.70668,0.448
240000,21,-16.6703,-3247.75,8.03766,0.462
241000,20,-27.5333,-3247.86,11.5763,0.456
242000,21,-17.4972,-3244.94,9.95759,0.446
243000,21,-26.5863,-3247.04,14.8945,0.437
244000,21,-23.1353,-3246.23,14.2889,0.457
245000,21,-34.0166,-3233.73,11.2875,0.441
246000,15,-7.72863,-3265.17,6.13172,0.4245
247000,21,-23.8708,-3235.67,10.721,0.437
248000,16,-20.3012,-3262.32,8.94532,0.418889
249000,16,-10.1871,-3274.53,6.70859,0.437
250000,12,-9.31204,-3284.83,4.58823,0.4166
251000,12,-11.2462,-3289.55,7.77139,0.391
252000,12,-10.6474,-3284.66,8.45738,0.394
253000,15,-11.6181,-3289.99,10.6322,0.444
254000,13,-13.3821,-3279.09,7.38905,0.472
255000,12,-11.5569,-3288.11,6.6738,0.42
256000,15,-14.2071,-3286.68,5.75727,0.398
257000,17,-20.9574,-3243.68,8.78485,0.4475
258000,18,-23.3777,-3244.39,8.20685,0.439
259000,17,-18.9674,-3248.59,9.95627,0.445
260000,14,-14.0272,-3261.14,7.21001,0.440364
261000,16,-13.8611,-3269.79,5.67041,0.412
262000,15,-20.1093,-3291.58,5.86838,0.421333
263000,15,-15.615,-3259.8,5.62699,0.42325
264000,14,-17.1552,-3254.6,7.3898,0.411
265000,15,-11.7954,-3258.5,7.80301,0.412053
266000,14,-11.1501,-3274.03,5.54643,0.4636
267000,14,-14.7887,-3275.26,8.92611,0.426
268000,13,-9.25734,-3268.22,7.38905,0.422
269000,15,-12.4755,-3265.54,7.04737,0.40675
270000,16,-11.3745,-3259.93,5.44262,0.402
271000,17,-18.043,-3257.48,10.5225,0.408
272000,17,-9.50079,-3256.65,6.84405,0.422
273000,15,-11.6325,-3265.17,9.85937,0.455
274000,15,-10.8194,-3265.56,8.91723,0.423
275000,15,-9.56075,-3266.8,9.04155,0.399
276000,15,-14.6251,-3279.06,14.2561,0.394
277000,17,-13.8642,-3266.85,11.7066,0.435
278000,19,-18.5795,-3261.92,12.0765,0.438143
279000,14,-12.3466,-3269.24,5.71465,0.410083
280000,12,-8.28226,-3273.54,4.36247,0.407
281000,13,-13.1504,-3274.03,8.37274,0.386
282000,14,-8.8645,-3276.45,6.87929,0.4104
283000,16,-24.3584,-3257.44,9.72721,0.437
284000,19,-22.1061,-3263.42,17.8827,0.4475
285000,14,-11.1719,-3267.51,5.83565,0.426588
286000,17,-16.6851,-3266.63,9.07409,0.428
287000,16,-18.128,-3268.79,10.8368,0.469
288000,15,-7.13634,-3269.03,6.10605,0.46175
289000,16,-17.2623,-3271.69,5.82838,0.410375
290000,16,-17.4694,-3269.19,8.28439,0.43
291000,15,-19.054,-3255.23,8.8357,0.431
292000,14,-15.4955,-3260.16,7.23068,0.424
293000,17,-9.56971,-3259.59,7.25477,0.424
294000,15,-12.2811,-3253.93,6.89333,0.414
295000,14,-17.691,-3266.34,7.09333,0.422667
296000,15,-17.8703,-3266.65,6.47046,0.396
297000,15,-19.8417,-3270.33,11.5377,0.44
298000,15,-10.2932,-3276.82,5.71328,0.439091
299000,14,-8.22632,-3272.88,6.19864,0.427
300000,13,-9.12381,-3278.55,4.68369,0.432
301000,13,-6.25574,-3272.12,4.87504,0.439
302000,12,-10.2339,-3275.2,7.08011,0.427923
303000,14,-12.9308,-3275.31,7.6564,0.413
304000,15,-19.0688,-3275.09,13.3624,0.421
305000,14,-14.9777,-3268.03,5.10924,0.454
306000,14,-6.13918,-3268.5,8.67093,0.411
307000,17,-15.6325,-3270.6,6.70034,0.431
308000,15,-16.2636,-3271.94,10.5897,0.433
309000,17,-13.9431,-3253.22,6.24561,0.437583
310000,13,-14.4926,-3274.71,6.18961,0.4185
311000,16,-21.1484,-3276.88,10.4561,0.402
312000,16,-23.0454,-3276.49,5.29841,0.435
313000,14,-21.5105,-3276.82,10.6724,0.454
314000,22,-21.6879,-3251.98,13.1257,0.4572
315000,21,-15.106,-3246.17,8.33251,0.491
316000,18,-21.4892,-3248.41,9.7332,0.495
317000,16,-21.4767,-3252.43,10.8689,0.451
318000,16,-16.3574,-3255.56,8.40805,0.425
319000,16,-18.8678,-3258.06,8.32537,0.416
320000,14,-15.4806,-3272,7.05768,0.405143
321000,15,-16.5265,-3266.78,7.64171,0.438
322000,15,-23.2685,-3275.94,7.08093,0.437
323000,18,-22.7385,-3273.29,10.0042,0.454
324000,17,-11.0482,-3272.25,6.96713,0.461
325000,17,-9.55556,-3273.2,4.48368,0.428
326000,19,-14.4685,-3268.29,9.81038,0.481
327000,21,-22.2812,-3275.28,12.4882,0.467
328000,20,-20.0169,-3273.86,11.6057,0.493
329000,16,-18.3247,-3242.04,9.51729,0.4306
330000,16,-8.47555,-3239.45,7.39721,0.441
331000,13,-9.29338,-3263.33,8.12351,0.43068
332000,16,-19.0091,-3241.41,8.79978,0.4235
333000,18,-15.9704,-3242.43,9.53116,0.423
334000,15,-12.5081,-3246.51,9.59211,0.454
335000,15,-10.8169,-3232.56,5.72654,0.405
336000,15,-21.7766,-3231.68,7.56609,0.43
337000,17,-9.37576,-3266.62,8.58242,0.447889
338000,15,-7.657,-3270.55,6.95663,0.457684
339000,14,-12.9861,-3266.19,5.06375,0.436
340000,14,-7.28899,-3272.56,4.61631,0.4555
341000,18,-14.9255,-3249.01,7.05758,0.4448
342000,13,-7.72562,-3270.13,6.01177,0.422333
343000,14,-13.5767,-3270.91,8.02386,0.391
344000,14,-12.2407,-3268.73,8.65349,0.453
345000,14,-7.30512,-3263.99,5.46824,0.43375
346000,13,-10.9557,-3270.68,6.07464,0.4145
347000,14,-6.52476,-3262.88,5.06475,0.418
348000,13,-12.2409,-3268.65,7.34394,0.410333
349000,13,-17.9473,-3274.68,11.475,0.405
350000,14,-21.9601,-3267.22,12.6081,0.449
351000,14,-11.6635,-3267.55,4.32232,0.401
352000,14,-15.5867,-3266.24,7.19672,0.4306
353000,12,-11.5853,-3271.4,5.64173,0.412769
354000,20,-20.4678,-3240.8,9.17993,0.418923
355000,20,-19.8626,-3247.3,6.17756,0.421
356000,19,-29.9452,-3239.36,11.2983,0.452
357000,17,-17.8316,-3232.29,7.76421,0.416
358000,18,-18.6877,-3242.97,5.21305,0.406
359000,12,-7.04412,-3269.13,6.47022,0.397857
360000,14,-9.8817,-3267.63,7.6122,0.415
361000,13,-7.24225,-3260.79,3.67353,0.408
362000,12,-9.90688,-3273.6,6.75778,0.423
363000,18,-10.8229,-3267.12,6.32925,0.444
364000,15,-11.1177,-3268.4,8.22549,0.461
365000,19,-30.6232,-3229.41,9.58345,0.436714
366000,19,-14.7796,-3237.02,10.2045,0.455
367000,13,-15.9756,-3266.68,7.51448,0.411438
368000,17,-14.7718,-3271.81,6.51624,0.443
369000,16,-10.5028,-3270.3,5.52856,0.474
370000,18,-24.6656,-3248.09,11.8891,0.44975
371000,15,-14.6587,-3257.73,7.57893,0.434
372000,14,-17.9323,-3253.65,9.10582,0.458
373000,15,-11.187,-3255.68,6.07591,0.4207
374000,16,-19.0222,-3251.98,7.72754,0.432
375000,12,-19.5914,-3280.44,7.01155,0.418375
376000,15,-9.97834,-3258.23,5.08183,0.42975
377000,16,-13.7828,-3262.36,9.0546,0.454
378000,14,-7.50416,-3271.75,7.23319,0.429
379000,13,-15.8084,-3280.68,9.73201,0.435
380000,13,-13.6891,-3273.73,7.00503,0.44
381000,17,-16.3487,-3248.32,7.55807,0.428364
382000,17,-10.5669,-3245.98,5.47246,0.431
383000,17,-17.4508,-3243.15,8.21055,0.455
384000,18,-19.9196,-3242.52,10.2092,0.436
385000,16,-15.6107,-3275.29,7.01426,0.445
386000,19,-13.2467,-3258.47,6.64191,0.466556
387000,18,-12.9789,-3278.75,8.96085,0.455571
388000,17,-16.1869,-3271.53,8.17467,0.473
389000,22,-26.3506,-3250.25,11.2624,0.441
390000,22,-23.8255,-3252.66,9.93497,0.486
391000,14,-13.4202,-3261.58,9.59545,0.465
392000,19,-13.5384,-3247.26,9.20577,0.4735
393000,18,-15.8292,-3253.73,7.46423,0.441
394000,17,-21.2797,-3251.65,11.4668,0.443
395000,14,-10.8918,-3265.36,6.95384,0.43775
396000,17,-17.8767,-3257.73,8.70998,0.4255
397000,11,-3.34847,-3275.39,4.15285,0.44075
398000,14,-15.4387,-3261.78,8.54196,0.420667
399000,17,-20.0132,-3262.19,11.1858,0.423667
400000,17,-11.691,-3254.81,7.6441,0.443
401000,17,-15.1896,-3262.24,8.03758,0.435
402000,17,-11.9891,-3257.59,7.77122,0.411
403000,17,-10.1345,-3261.46,10.2474,0.457
404000,12,-9.92365,-3259.73,7.44699,0.427438
405000,12,-12.4782,-3265.24,8.82304,0.433
406000,15,-16.2131,-3265.56,5.87516,0.453
407000,16,-13.3241,-3262.98,8.78933,0.41075
408000,16,-16.0956,-3267.55,7.20901,0.4262
409000,15,-22.512,-3255.67,11.423,0.445
410000,14,-13.1022,-3261.74,4.68182,0.452
411000,13,-10.2554,-3265.28,7.49845,0.438571
412000,12,-10.6421,-3261.98,8.93072,0.437
413000,16,-15.4359,-3264.69,8.42503,0.449
414000,14,-16.0385,-3257.71,11.225,0.434286
415000,17,-25.6071,-3251.45,11.0897,0.450333
416000,14,-9.4584,-3258.68,3.39456,0.3985
417000,16,-16.6019,-3268.56,8.78356,0.42275
418000,17,-26.221,-3258.11,11.276,0.438
419000,16,-23.1927,-3258.45,12.7677,0.44675
420000,14,-12.0262,-3261.47,5.90012,0.412
421000,14,-13.2913,-3259.85,6.17953,0.44
422000,13,-15.0194,-3255.76,8.99524,0.466667
423000,13,-16.798,-3261.88,5.94666,0.402
424000,16,-15.0453,-3250.72,7.0315,0.4087
425000,16,-11.751,-3254.78,8.95757,0.411
426000,16,-16.1014,-3250.7,6.67015,0.425
427000,15,-18.3358,-3267.78,9.35385,0.441778
428000,15,-14.5289,-3262.09,7.04575,0.459667
429000,16,-14.9158,-3267.26,7.98311,0.4315
430000,17,-21.1953,-3261.66,9.59996,0.433
431000,15,-15.467,-3257.95,6.61121,0.451
432000,16,-20.4736,-3255.94,7.49723,0.431
433000,15,-20.2294,-3263.5,7.4086,0.452
434000,13,-9.9964,-3253.7,6.20743,0.423538
435000,14,-13.2159,-3255.96,9.39117,0.425
436000,13,-16.1115,-3258.41,10.2694,0.43
437000,18,-10.5014,-3259.49,8.1591,0.428818
438000,20,-19.9367,-3256.07,7.45012,0.4436
439000,19,-17.404,-3258.25,9.78655,0.474
440000,17,-16.913,-3257.01,6.1561,0.457545
441000,16,-17.0441,-3264.99,6.2166,0.48
442000,13,-14.7534,-3268.79,3.00454,0.443
443000,13,-20.5597,-3267.77,5.91471,0.448
444000,13,-20.5976,-3261.31,7.42198,0.401
445000,15,-4.93417,-3252.47,4.58518,0.430125
446000,15,-13.2928,-3249.07,7.60277,0.377
447000,15,-10.1249,-3250.16,7.27914,0.44
448000,15,-19.6696,-3257.77,7.54538,0.4375
449000,15,-11.4551,-3240.01,8.07139,0.414
450000,16,-17.9642,-3243.78,9.67475,0.441
451000,16,-19.8645,-3247.59,6.05147,0.438
452000,14,-12.8933,-3267.01,6.60622,0.440769
453000,16,-12.3136,-3246.05,7.21801,0.4175
454000,15,-22.5919,-3247.99,10.0114,0.436167
455000,15,-17.4696,-3252.19,8.90602,0.409
456000,13,-15.5591,-3258.05,8.51236,0.389
457000,14,-12.7064,-3251.84,7.97678,0.424
458000,14,-10.7994,-3259.9,7.84349,0.423
459000,13,-12.9154,-3276.81,6.30986,0.437
460000,14,-11.8777,-3262.59,8.07897,0.4395
461000,14,-13.1551,-3260.44,7.06468,0.39625
462000,16,-12.5557,-3259.38,7.573,0.409
463000,15,-8.44307,-3250.28,7.9829,0.411
464000,14,-7.91241,-3277.84,5.72646,0.4346
465000,14,-16.7064,-3273.81,3.95111,0.431
466000,15,-12.6815,-3259.69,6.19647,0.426333
467000,15,-5.0384,-3269.42,6.58406,0.419
468000,15,-6.0694,-3260.37,9.45437,0.436
469000,16,-14.2812,-3272.74,7.12161,0.433235
470000,16,-11.7895,-3267.55,6.37162,0.424
471000,17,-13.3459,-3262.98,9.67038,0.425667
472000,16,-16.7316,-3260.95,13.2054,0.431
473000,18,-16.0762,-3259.52,9.04525,0.426
474000,17,-20.6287,-3258.11,10.0279,0.458
475000,12,-13.9449,-3267.61,6.31485,0.4317
476000,12,-14.1957,-3265.08,6.05739,0.4
477000,14,-18.8369,-3255.93,8.11923,0.419
478000,13,-16.0123,-3255.68,9.2656,0.382
479000,16,-21.1098,-3264.63,8.92398,0.434444
480000,14,-15.4751,-3260.05,8.08941,0.42945
481000,13,-15.2203,-3275.04,6.5819,0.433
482000,13,-17.5762,-3269.27,7.28236,0.417
483000,13,-23.3194,-3270.15,8.9335,0.421
484000,14,-16.3421,-3258.96,6.21321,0.441
485000,16,-14.9239,-3268.17,6.11403,0.443
486000,17,-16.2615,-3253.45,6.43503,0.418571
487000,18,-21.7281,-3256.95,10.5113,0.46
488000,15,-31.1071,-3273.99,6.54342,0.444667
489000,16,-22.5842,-3264.03,10.2015,0.420455
490000,12,-15.066,-3261.55,8.7528,0.434
491000,19,-22.8097,-3263.72,8.77831,0.387
492000,19,-22.6048,-3259.52,6.83461,0.413
493000,15,-18.9758,-3260.26,9.26317,0.410462
494000,15,-20.106,-3258.29,8.16754,0.433
495000,14,-18.777,-3258.03,8.78643,0.442
496000,17,-28.9944,-3253.5,12.4559,0.444
497000,16,-21.4986,-3248.6,7.13745,0.437
498000,12,-16.4069,-3263.17,7.96096,0.413667
499000,14,-13.0442,-3263.46,5.977,0.41875
500000,16,-15.0518,-3268.7,7.0902,0.404
501000,14,-6.59105,-3270.17,5.52994,0.393
502000,14,-10.8716,-3270.38,7.58154,0.407
503000,19,-21.4166,-3246.71,14.8568,0.440167
504000,14,-15.3273,-3258.35,10.2577,0.428
505000,16,-12.0642,-3260.96,6.68746,0.4262
506000,21,-21.9543,-3250.59,9.71583,0.469333
507000,18,-16.2277,-3253.68,10.4577,0.442
508000,15,-12.5665,-3251.9,7.52568,0.454667
509000,11,-11.9205,-3285.13,9.25816,0.436762
510000,12,-13.9955,-3261.76,7.17742,0.4315
511000,12,-12.2295,-3254.84,5.99651,0.422
512000,15,-20.1431,-3252.11,6.80604,0.422
513000,13,-15.054,-3289.15,8.13701,0.42925
514000,15,-11.3147,-3265.31,8.21383,0.439
515000,15,-13.742,-3263.99,11.0449,0.42
516000,18,-23.2005,-3251.94,10.5782,0.440111
517000,19,-23.5941,-3252.41,11.8654,0.437
518000,19,-29.1503,-3258.78,10.4813,0.432
519000,15,-18.2953,-3248.03,8.7601,0.445
520000,16,-21.2101,-3245.46,11.252,0.416
521000,16,-15.9751,-3241.74,7.01441,0.445
522000,17,-24.5838,-3246.31,13.0909,0.421
523000,17,-13.0055,-3246.68,6.84058,0.436
524000,17,-12.8427,-3254.16,8.4717,0.414
525000,19,-12.147,-3259.73,10.0677,0.433
526000,15,-6.68099,-3254.14,7.32461,0.454818
527000,14,-7.26365,-3260.41,7.2337,0.413
528000,14,-11.4216,-3256.06,10.5295,0.444
529000,15,-15.9945,-3270.17,6.30619,0.415588
530000,17,-21.5059,-3272.03,8.96899,0.449
531000,17,-21.3435,-3261.4,7.91424,0.441
532000,17,-30.1125,-3263.32,12.7791,0.449
533000,19,-29.7086,-3279.17,9.01097,0.432
534000,17,-22.8959,-3267.05,10.8656,0.433833
535000,18,-14.7257,-3270.16,11.5577,0.444
536000,19,-18.078,-3264.93,12.5669,0.455
537000,18,-9.14045,-3260.83,8.07894,0.477
538000,16,-14.3126,-3261.56,7.91819,0.4456
539000,18,-19.8959,-3256.07,13.208,0.405
540000,18,-18.5916,-3257.58,9.88218,0.443667
541000,20,-28.0796,-3263.01,14.1649,0.449
542000,18,-14.1078,-3258.43,10.1694,0.447471
543000,16,-16.092,-3270.43,6.45734,0.4375
544000,17,-21.7864,-3268.62,11.2156,0.456
545000,16,-20.0835,-3254.37,13.3146,0.4355
546000,16,-20.4454,-3256.87,7.77348,0.4415
547000,14,-17.0349,-3264.13,6.44715,0.402
548000,14,-13.6492,-3263.75,6.96306,0.441371
549000,14,-17.9872,-3260.75,9.22443,0.4
550000,16,-18.1794,-3254.96,6.78976,0.404
551000,20,-27.719,-3249.08,11.2498,0.44
552000,16,-17.3801,-3256.03,8.80912,0.4298
553000,16,-13.583,-3257.96,9.27927,0.483
554000,17,-17.9885,-3263.49,10.1187,0.4352
555000,18,-14.7347,-3267.67,8.04291,0.439
556000,19,-16.3997,-3252.09,8.40314,0.449071
557000,14,-14.6199,-3252.4,3.98626,0.4595
558000,14,-15.6345,-3258.11,6.1765,0.406
559000,13,-12.2347,-3258.7,4.32066,0.407
560000,13,-10.0874,-3262.85,5.03234,0.393
561000,13,-15.7588,-3270.44,7.11499,0.4
562000,16,-27.14,-3267.81,12.6295,0.459429
563000,16,-21.5306,-3271.91,6.04774,0.461
564000,15,-18.0244,-3266.77,8.37734,0.437
565000,16,-22.7836,-3254.97,10.0074,0.4005
566000,16,-15.8929,-3259.19,6.23576,0.419
567000,14,-12.4825,-3265.62,5.32297,0.425
568000,16,-12.3551,-3245.48,6.70196,0.443667
569000,17,-13.6203,-3253.35,8.7762,0.422
570000,18,-17.1526,-3254.15,9.47811,0.445
571000,16,-15.6528,-3255.83,8.25671,0.437
572000,16,-23.5679,-3253.46,11.9636,0.389
573000,15,-9.7682,-3253.42,4.43368,0.393
574000,16,-22.252,-3256.26,7.72396,0.417
575000,15,-15.0396,-3251.88,6.51743,0.436
576000,16,-22.4021,-3249.51,11.8611,0.43
577000,16,-15.0282,-3255.49,6.70138,0.419
578000,17,-19.1327,-3271.21,9.04328,0.436167
579000,16,-15.5374,-3260.91,7.55676,0.436692
580000,17,-10.631,-3250.1,6.8139,0.429
581000,16,-9.174,-3248.98,3.84401,0.433
582000,17,-19.5041,-3251.05,9.95743,0.421
583000,17,-15.7878,-3246.55,7.83719,0.416
584000,19,-21.5269,-3232.49,10.6183,0.429
585000,19,-14.9865,-3234.71,10.0721,0.436
586000,14,-14.4893,-3261.74,9.31565,0.425143
587000,15,-15.3758,-3257.06,6.77542,0.435
588000,14,-22.3648,-3250.31,11.3177,0.451
589000,15,-21.2077,-3241.07,7.14787,0.378
590000,13,-16.797,-3262.07,9.15424,0.404917
591000,18,-12.1623,-3229.39,6.64932,0.420667
592000,20,-14.298,-3234.54,13.8509,0.433
593000,19,-13.6477,-3229.54,11.6429,0.436
594000,18,-14.3588,-3232.67,8.17883,0.454
595000,19,-20.305,-3230.88,9.0799,0.415
596000,17,-16.6721,-3239.59,10.7606,0.435
597000,12,-7.61731,-3267.33,4.23335,0.407286
598000,12,-11.2356,-3275.64,8.08682,0.4
599000,16,-10.2235,-3244.91,6.73893,0.408333
600000,16,-17.9423,-3252.57,7.49496,0.439818
601000,16,-14.3292,-3261.08,10.2634,0.467
602000,14,-11.1514,-3258.58,5.12012,0.446
603000,12,-5.107,-3271.49,4.73652,0.4282
604000,13,-6.89524,-3279.51,8.22905,0.408
605000,14,-7.18509,-3267.73,6.99343,0.422687
606000,15,-20.4287,-3257.95,10.1729,0.462
607000,18,-13.3084,-3246.12,11.4583,0.416625
608000,17,-8.25842,-3234.63,7.51685,0.406
609000,17,-6.08616,-3232.67,7.63371,0.418
610000,18,-5.40356,-3243.67,6.57843,0.453
611000,17,-18.2974,-3263.34,9.49085,0.459556
612000,12,-13.9717,-3273.68,6.72879,0.4085
613000,14,-14.1673,-3257.74,7.69005,0.429429
614000,15,-8.68703,-3252.77,4.14256,0.435
615000,18,-16.9305,-3252.89,12.0576,0.399
616000,19,-23.185,-3259.51,10.9116,0.462
617000,12,-11.8963,-3262.28,6.35664,0.3904
618000,15,-12.8803,-3267.75,5.57043,0.413
619000,19,-15.0873,-3273.67,9.22603,0.47
620000,19,-11.1884,-3251.64,7.91817,0.4348
621000,18,-14.3854,-3241.13,8.16898,0.437
622000,18,-20.2439,-3262.55,8.88413,0.460667
623000,16,-18.9082,-3269.64,7.39137,0.451143
624000,17,-14.4972,-3251.94,7.90485,0.444923
625000,17,-20.0019,-3248.59,11.2679,0.44
626000,17,-10.793,-3251.94,9.13309,0.48
627000,17,-13.2022,-3256.21,7.29647,0.457
628000,18,-11.3247,-3237.01,5.96515,0.435714
629000,17,-10.9301,-3254.44,8.59445,0.4415
630000,17,-21.3781,-3256.35,11.477,0.442
631000,16,-9.91261,-3258.24,6.66257,0.428
632000,17,-22.1627,-3259.3,7.54908,0.398
633000,18,-15.1917,-3261.89,7.45092,0.441
634000,16,-11.4786,-3254.86,4.36668,0.418
635000,16,-14.1738,-3256.6,7.6278,0.4565
636000,14,-15.9719,-3246.22,11.2709,0.411
637000,15,-9.72383,-3246.58,7.54114,0.432
638000,16,-11.984,-3239.28,10.2265,0.426
639000,16,-10.8381,-3267.32,8.01283,0.44775
640000,14,-19.1656,-3262.53,6.36386,0.444588
641000,15,-16.7883,-3261.04,4.24489,0.455
642000,16,-17.1684,-3263.42,7.85718,0.444
643000,14,-19.008,-3269.12,8.06536,0.455
644000,14,-9.86786,-3258.41,6.2832,0.441
645000,19,-29.1663,-3263.84,10.5245,0.454167
646000,14,-10.3547,-3266.45,5.90622,0.456
647000,17,-15.7214,-3258.78,7.92419,0.445
648000,18,-23.7736,-3249.09,10.0479,0.462
649000,16,-9.39897,-3261.88,9.74464,0.451333
650000,18,-13.8253,-3250.12,7.29837,0.438214
651000,16,-16.4766,-3268.42,11.5987,0.445
652000,14,-10.7738,-3255.44,7.58794,0.45225
653000,16,-14.8165,-3253.43,7.73429,0.422
654000,16,-13.5148,-3248.36,10.5253,0.445
655000,16,-14.3669,-3245.53,9.58831,0.44
656000,18,-19.2488,-3251.99,11.4364,0.4338
657000,18,-23.2142,-3249.93,7.10376,0.43
658000,17,-13.064,-3241.68,9.01862,0.434667
659000,18,-20.1095,-3246.76,9.26993,0.435
660000,18,-16.6524,-3251.42,9.98448,0.461
661000,17,-8.74726,-3245.95,7.91174,0.451
662000,18,-21.7202,-3244.44,11.0361,0.478
663000,20,-25.979,-3242.44,14.0992,0.455833
664000,18,-21.1966,-3248.33,9.26893,0.437962
665000,16,-11.238,-3248.11,7.0116,0.44
666000,16,-14.093,-3250.47,10.1754,0.398
667000,18,-23.0297,-3243.04,14.7876,0.444
668000,14,-12.2322,-3256.39,7.81726,0.445263
669000,19,-18.1968,-3259.1,9.39623,0.444857
670000,19,-14.7932,-3239.64,7.98606,0.447
671000,18,-17.1987,-3265.4,9.15317,0.441333
672000,18,-9.67552,-3264.09,7.36107,0.46
673000,19,-24.4671,-3256.5,8.65146,0.474
674000,15,-20.0888,-3250.05,7.85068,0.437545
675000,16,-11.3882,-3266.07,7.02567,0.4635
676000,17,-12.7307,-3263.77,8.44602,0.448
677000,16,-18.5898,-3260.65,10.2804,0.454143
678000,19,-20.2933,-3247.29,10.5493,0.447
679000,19,-8.17345,-3255.83,5.98133,0.436
680000,19,-21.0826,-3247.77,12.5119,0.484
681000,15,-11.5463,-3254.27,13.0557,0.44
682000,15,-9.97588,-3253.07,8.77875,0.407
683000,16,-10.6873,-3260.31,7.04316,0.41
684000,17,-15.552,-3260.7,9.9794,0.453
685000,14,-17.0167,-3251.64,9.85099,0.434
686000,15,-11.4298,-3261.06,5.69919,0.422
687000,16,-13.6416,-3236.32,9.63387,0.443714
688000,17,-13.3237,-3245.68,5.44273,0.450917
689000,16,-18.143,-3246.17,12.7035,0.462
690000,15,-15.0281,-3251.39,6.27416,0.41725
691000,17,-17.0498,-3245.42,9.29043,0.429
692000,16,-10.3779,-3246.57,7.45887,0.4385
693000,16,-17.8182,-3250.33,7.1426,0.462
694000,15,-18.2459,-3259.46,10.7503,0.457
695000,15,-15.533,-3249.04,13.5452,0.4365
696000,15,-11.5969,-3254.02,6.96975,0.456
697000,13,-13.7198,-3254.84,7.3255,0.437333
698000,15,-19.7674,-3241.84,10.305,0.438182
699000,15,-24.0915,-3249.71,11.31,0.373
700000,17,-7.41666,-3253.83,8.72326,0.424222
701000,16,-20.7291,-3249.54,10.329,0.439
702000,18,-26.1378,-3244.45,8.74985,0.434667
703000,16,-19.7788,-3244.01,10.792,0.449
704000,16,-16.1416,-3257.55,5.8922,0.424375
705000,19,-16.1267,-3249.68,7.26318,0.478
706000,18,-17.5376,-3257.32,9.61885,0.447
707000,17,-12.1769,-3258.68,8.65339,0.409
708000,16,-11.1077,-3257.17,9.87108,0.432
709000,19,-20.6834,-3258.98,6.54886,0.465
710000,21,-23.0703,-3256.74,17.4479,0.432222
711000,17,-16.4634,-3255.39,8.23136,0.443375
712000,16,-8.0214,-3247.7,7.50055,0.427
713000,17,-9.29038,-3243.65,7.48637,0.434
714000,17,-14.1287,-3245.42,10.3569,0.449
715000,19,-23.5925,-3242.65,13.4233,0.4652
716000,21,-22.6353,-3241.78,13.4091,0.463
717000,21,-20.434,-3247.13,10.8943,0.498
718000,19,-23.9251,-3244.79,7.95551,0.44419
719000,18,-24.3682,-3249.82,8.38525,0.427
720000,17,-22.5055,-3246.36,9.03407,0.439
721000,16,-25.7491,-3240.35,8.12268,0.452
722000,20,-22.41,-3253.35,8.23093,0.455154
723000,20,-31.4941,-3258.03,15.9091,0.4185
724000,18,-16.1639,-3254.83,9.68224,0.425571
725000,18,-14.6951,-3252.11,7.16,0.432
726000,20,-11.8204,-3246.47,10.5594,0.461
727000,18,-10.2162,-3242.49,8.32644,0.427
728000,16,-10.4483,-3236.67,8.08771,0.447
729000,17,-14.576,-3244.24,8.66758,0.439733
730000,16,-18.734,-3251.39,5.1292,0.439857
731000,18,-14.7331,-3238.29,8.87825,0.433667
732000,16,-12.8161,-3245.38,6.36295,0.451
733000,17,-20.3265,-3232.69,9.43336,0.404
734000,17,-16.4434,-3228.25,8.25208,0.445
735000,18,-15.9595,-3231.53,6.18084,0.404
736000,19,-21.4396,-3227.71,7.315,0.445
737000,18,-23.7627,-3241.83,7.7149,0.402
738000,18,-15.4044,-3236.49,8.86876,0.422
739000,18,-13.4707,-3234.05,7.06562,0.404
740000,16,-23.8692,-3235.17,9.78929,0.446722
741000,14,-18.3749,-3256.75,5.17482,0.431364
742000,14,-14.323,-3268.63,7.39966,0.388
743000,15,-14.6755,-3267.63,5.32187,0.432
744000,17,-26.5832,-3247,7.75819,0.44525
745000,16,-17.4157,-3246.84,9.27036,0.434
746000,17,-21.554,-3250.04,11.3961,0.426
747000,15,-11.8704,-3263.46,8.06308,0.43475
748000,17,-11.5866,-3238.07,8.86355,0.442471
749000,19,-14.0061,-3239.53,9.27904,0.4486
750000,19,-21.3849,-3252.21,7.19273,0.47
751000,20,-16.4082,-3247.36,8.38971,0.46
752000,20,-21.4487,-3242.12,12.1747,0.436
753000,17,-13.9419,-3258.94,12.1078,0.448
754000,15,-8.90503,-3257.48,7.98612,0.452
755000,16,-11.5377,-3243.1,6.10869,0.430444
756000,16,-16.6973,-3244.1,7.16901,0.431
757000,16,-21.9836,-3232.47,7.85514,0.398
758000,17,-19.6908,-3242.64,10.3755,0.405
759000,18,-5.65756,-3244.84,5.71247,0.46
760000,18,-13.4949,-3231.04,8.62945,0.442
761000,16,-13.7454,-3239.51,12.2212,0.43
762000,15,-5.28779,-3236.18,6.292,0.448
763000,17,-8.00202,-3240.61,11.6609,0.422
764000,16,-11.5739,-3235.17,12.2535,0.442
765000,16,-17.3446,-3243.42,11.9786,0.434
766000,15,-7.04151,-3237.32,7.46261,0.408
767000,16,-14.4265,-3235.52,9.90005,0.421
768000,15,-15.0169,-3243.26,6.83469,0.426462
769000,16,-21.5519,-3218.54,6.97142,0.437
770000,16,-10.1759,-3230.51,8.37378,0.416
771000,18,-27.6968,-3239.11,15.5504,0.425526
772000,18,-13.5208,-3234.76,6.55334,0.427
773000,16,-13.6344,-3219.8,5.78709,0.417333
774000,17,-24.18,-3249,8.33907,0.4125
775000,18,-20.1237,-3242.48,9.20369,0.424
776000,16,-16.1996,-3249.68,7.32395,0.449
777000,18,-9.13687,-3227.62,5.88723,0.41525
778000,19,-19.6077,-3219.57,11.1546,0.399
779000,20,-19.794,-3223.65,9.90698,0.429
780000,16,-17.5018,-3220.01,9.34085,0.425
781000,16,-12.3405,-3236.41,8.6125,0.429778
782000,16,-13.7561,-3233.17,4.5197,0.378
783000,16,-11.8181,-3228.76,6.03259,0.383
784000,18,-20.7677,-3229.53,11.0021,0.421
785000,19,-21.1549,-3236.24,6.72001,0.439
786000,22,-32.4325,-3231.92,12.0269,0.436
787000,20,-11.9628,-3222.87,11.2379,0.440429
788000,16,-13.1709,-3249.08,7.72542,0.433167
789000,16,-10.6862,-3255.76,6.57336,0.441
790000,20,-9.8251,-3220.96,6.4656,0.438
791000,14,-7.23359,-3267.34,4.34948,0.439568
792000,20,-20.8334,-3225.09,10.5608,0.423
793000,17,-13.9379,-3239.48,10.4429,0.424286
794000,15,-20.8564,-3264.74,9.13164,0.418
795000,17,-20.915,-3244.86,10.2955,0.421
796000,16,-16.7853,-3244.94,7.95737,0.432
797000,18,-25.3763,-3228.12,8.5369,0.42625
798000,21,-26.8267,-3240.52,7.92088,0.428
799000,17,-8.70981,-3269.48,7.51138,0.4254
800000,20,-39.5997,-3233.79,9.56269,0.449
801000,21,-12.1861,-3226.94,11.4692,0.441444
802000,15,-10.5148,-3244.4,4.90637,0.4275
803000,21,-27.54,-3232.76,10.1924,0.423333
804000,20,-22.8703,-3222.2,10.7393,0.428
805000,20,-17.698,-3228.74,9.17036,0.425
806000,18,-29.3379,-3228.62,14.1098,0.39
807000,17,-20.2441,-3245.28,12.3942,0.4252
808000,17,-24.6949,-3249.91,9.39023,0.436
809000,19,-16.8935,-3221.61,7.40865,0.426625
810000,20,-17.6675,-3232.2,7.84713,0.434
811000,23,-24.2118,-3230.18,12.1898,0.4244
812000,23,-22.9052,-3221.9,11.5179,0.438
813000,21,-16.3021,-3256.66,8.95239,0.4622
814000,19,-18.2479,-3223.51,11.8646,0.4315
815000,18,-16.8359,-3231.21,8.64798,0.446
816000,17,-15.4525,-3225.87,11.1171,0.413
817000,19,-17.9383,-3225.87,11.3121,0.429
818000,20,-20.5477,-3226.16,6.41183,0.416833
819000,19,-29.1774,-3229.91,11.8319,0.434
820000,18,-8.47722,-3237.71,6.7247,0.426
821000,19,-11.4102,-3223.63,10.0573,0.406
822000,14,-12.08,-3255.33,10.9503,0.429111
823000,18,-16.0472,-3225.7,10.8007,0.415
824000,19,-18.1474,-3219.65,13.0763,0.411
825000,16,-13.2407,-3247.81,8.47724,0.424833
826000,15,-8.25787,-3251.64,9.23346,0.40625
827000,15,-13.2026,-3254.24,6.62286,0.424
828000,16,-14.1979,-3240.64,9.06103,0.4275
829000,12,-18.228,-3269.19,8.44981,0.4193
830000,16,-10.78,-3244.11,10.2035,0.408
831000,17,-13.8286,-3241.6,9.50727,0.459
832000,16,-16.2306,-3244.56,7.19362,0.399
833000,17,-15.5506,-3237.29,7.73193,0.388
834000,16,-7.47584,-3235.76,5.67873,0.401
835000,16,-15.9709,-3232.35,14.4209,0.434
836000,16,-14.8534,-3235.56,10.5711,0.401
837000,17,-12.5661,-3244.64,8.02259,0.394
838000,15,-11.6092,-3236.15,5.86059,0.3898
839000,16,-18.6234,-3230.68,13.7347,0.405
840000,16,-19.0812,-3221.53,6.69051,0.406
841000,15,-19.0627,-3229.02,11.3155,0.397
842000,17,-27.0512,-3230.11,10.8948,0.432
843000,17,-26.7473,-3233.87,7.3838,0.415
844000,18,-24.5549,-3266.1,7.69299,0.414267
845000,19,-19.9908,-3230.96,9.56931,0.4237
846000,19,-19.933,-3224.14,10.8076,0.428667
847000,19,-12.2066,-3238.94,7.67087,0.433
848000,17,-20.328,-3240.33,7.98253,0.427
849000,17,-20.1905,-3233.79,9.74399,0.431
850000,19,-36.7495,-3241.61,13.2329,0.432
851000,18,-18.5155,-3235.69,9.9386,0.44
852000,23,-26.7342,-3248.3,12.8273,0.4448
853000,23,-18.347,-3252.9,10.5835,0.462
854000,18,-24.5901,-3246.41,7.9739,0.464667
855000,20,-33.0459,-3257.26,10.5301,0.485
856000,15,-7.14993,-3261.72,7.83778,0.43125
857000,14,-10.6435,-3257.35,4.83235,0.403
858000,17,-14.4129,-3255.89,8.71804,0.427273
859000,14,-7.50538,-3241.05,4.11947,0.417
860000,15,-17.2159,-3240.4,8.57063,0.413
861000,14,-9.3586,-3242.52,6.77771,0.4165
862000,14,-15.3971,-3242.96,8.05478,0.426
863000,15,-11.0921,-3253.39,6.97759,0.4526
864000,16,-14.1992,-3247.31,7.42815,0.426
865000,14,-6.3455,-3256.89,5.93239,0.4488
866000,14,-9.69477,-3246.86,10.0883,0.41075
867000,15,-7.77671,-3258.01,5.17838,0.385
868000,14,-7.97983,-3251.23,7.14086,0.4115
869000,18,-19.3827,-3255.36,8.14929,0.434714
870000,21,-17.5845,-3258.03,9.44982,0.475
871000,18,-22.3171,-3250.01,8.82983,0.4325
872000,19,-14.3572,-3254.61,5.87981,0.487
873000,18,-20.1024,-3256.49,10.1848,0.4255
874000,18,-20.9857,-3252.5,7.67746,0.448
875000,16,-14.1764,-3253.48,8.66072,0.443
876000,21,-22.6058,-3266.54,9.12656,0.437125
877000,18,-7.22804,-3260.46,5.79768,0.412
878000,18,-15.1372,-3266.42,10.44,0.413
879000,16,-4.99213,-3234.59,6.28039,0.41875
880000,18,-12.8117,-3237.92,8.29321,0.438
881000,16,-10.3609,-3238.99,9.42067,0.407
882000,19,-14.7889,-3238.7,10.8201,0.397
883000,18,-10.9941,-3233.59,10.2847,0.427
884000,17,-16.8854,-3226.82,13.519,0.444
885000,16,-11.2732,-3232.88,7.9519,0.435
886000,17,-14.2963,-3236.37,8.05485,0.398
887000,17,-11.0983,-3229.86,6.26608,0.428
888000,17,-14.8496,-3243.5,8.84608,0.427
889000,16,-8.90224,-3229.47,8.21673,0.437
890000,18,-8.53241,-3222.76,8.14717,0.396
891000,13,-17.0405,-3247.15,7.37327,0.431222
892000,16,-11.4793,-3256.35,6.97556,0.432786
893000,17,-17.7217,-3222.88,6.73458,0.442667
894000,16,-16.7031,-3247.37,10.5454,0.435333
895000,17,-10.1045,-3255.29,7.32841,0.441333
896000,17,-11.2759,-3266.52,8.98251,0.434
897000,13,-13.3081,-3254.25,6.36622,0.410333
898000,14,-12.0845,-3249.03,7.50529,0.414
899000,14,-14.5133,-3252.28,7.02728,0.426
900000,15,-13.3642,-3242.98,5.73327,0.425429
901000,16,-13.7328,-3234.77,4.56181,0.431
902000,15,-10.6893,-3252.26,8.22057,0.4235
903000,17,-19.3171,-3237.5,7.79487,0.445273
904000,11,-8.00538,-3251.81,7.06877,0.4134
905000,12,-12.3062,-3251.54,6.51154,0.382
906000,14,-11.3102,-3242.21,6.00395,0.39725
907000,15,-10.6951,-3253.86,6.91872,0.433
908000,16,-12.0156,-3251.05,8.53107,0.397
909000,17,-11.4628,-3234.4,8.08555,0.40775
910000,13,-5.61126,-3243.9,3.38929,0.4262
911000,14,-7.78796,-3238.94,6.83365,0.387
912000,15,-21.1517,-3257.59,8.59096,0.442778
913000,14,-15.244,-3258.13,6.09275,0.434
914000,14,-15.949,-3252.49,7.3612,0.411
915000,14,-10.676,-3262.25,6.42804,0.398
916000,14,-7.23241,-3232.13,3.90339,0.416143
917000,15,-10.3631,-3233.26,8.73009,0.42
918000,15,-7.36685,-3225.73,6.4034,0.428
919000,14,-5.69818,-3230.84,4.69483,0.457
920000,15,-8.85949,-3238.04,7.88041,0.421
921000,17,-16.4952,-3238.13,8.11454,0.423
922000,18,-20.8555,-3250.09,9.6598,0.435
923000,15,-10.1573,-3265.63,6.87969,0.424067
924000,16,-20.0414,-3243.74,9.96041,0.429
925000,14,-11.3851,-3259.62,6.0021,0.395
926000,17,-12.0844,-3229.58,7.85747,0.428
927000,15,-13.2461,-3239.36,5.85859,0.44
928000,14,-12.8446,-3262.93,6.47486,0.416
929000,18,-12.7675,-3254.55,9.64374,0.382
930000,19,-17.4327,-3249.52,8.63508,0.462
931000,18,-9.49451,-3256.5,8.72651,0.421
932000,19,-25.2757,-3241.09,12.9642,0.44125
933000,18,-14.1322,-3246.88,8.14287,0.476
934000,16,-20.3914,-3245.83,10.7509,0.453
935000,15,-14.8429,-3246.92,7.13814,0.397
936000,17,-13.206,-3248.73,10.3707,0.4
937000,17,-15.0663,-3265.51,10.3595,0.455
938000,16,-9.46071,-3269.84,7.28517,0.408
939000,15,-15.6482,-3259.5,6.84243,0.413
940000,17,-15.653,-3251.61,6.32758,0.439
941000,17,-15.1127,-3227.44,9.8691,0.426714
942000,15,-3.90695,-3243.13,7.3232,0.415
943000,16,-25.1157,-3255.43,9.56156,0.423
944000,13,-10.5366,-3240.45,5.76464,0.417515
945000,13,-10.7953,-3241.12,5.55841,0.42
946000,17,-18.4606,-3262.91,9.72898,0.420714
947000,14,-9.82739,-3247.99,5.54299,0.4135
948000,13,-12.0459,-3237.35,8.51357,0.429
949000,12,-7.81131,-3239.05,7.1562,0.396
950000,13,-9.07167,-3240.53,11.4784,0.429
951000,15,-11.9551,-3262.6,7.41395,0.425
952000,14,-9.61518,-3271.53,9.93273,0.456
953000,15,-15.0256,-3269.36,9.13565,0.426
954000,14,-12.0032,-3278.28,7.38355,0.402
955000,15,-18.6191,-3285.87,13.5554,0.433
956000,14,-17.6452,-3237.62,5.72069,0.429214
957000,15,-10.319,-3237.09,6.49446,0.453
958000,13,-12.8763,-3259.05,5.03485,0.426
959000,14,-18.9968,-3254.27,6.1768,0.42
960000,14,-21.1209,-3254.58,6.61988,0.448
961000,13,-14.988,-3248.34,4.59883,0.409
962000,13,-17.0813,-3283.64,14.2907,0.440286
963000,17,-16.4944,-3240.38,4.92073,0.44305
964000,12,-13.1296,-3247.57,5.9481,0.393
965000,13,-21.0975,-3252.41,5.76648,0.379
966000,18,-28.4837,-3240.88,13.2513,0.437333
967000,16,-17.113,-3232.9,6.52844,0.399
968000,20,-21.3532,-3225.43,8.69982,0.459
969000,18,-24.2902,-3226.19,10.6124,0.432
970000,19,-12.6353,-3223.77,7.18292,0.455
971000,17,-17.3374,-3230.29,9.56664,0.439
972000,16,-15.818,-3235.71,7.15103,0.416667
973000,16,-10.0311,-3239.85,7.80811,0.415
974000,16,-15.3892,-3236.35,9.63885,0.42
975000,16,-13.7171,-3238.08,8.82713,0.444
976000,16,-16.3302,-3239.85,8.3915,0.433
977000,13,-6.85401,-3243.88,6.18708,0.426667
978000,12,-5.97066,-3251.7,5.22402,0.387
979000,15,-15.8058,-3248.37,8.14859,0.405333
980000,14,-8.73157,-3243.96,4.9162,0.408
981000,12,-12.8068,-3275.73,6.40719,0.407316
982000,15,-8.9605,-3264.89,7.80858,0.406588
983000,12,-6.01837,-3277.5,3.9987,0.434
984000,17,-21.1404,-3246.06,6.65109,0.43075
985000,17,-10.2308,-3237.85,7.01482,0.461
986000,18,-7.23155,-3244.89,8.17635,0.433
987000,17,-12.6958,-3247,9.70306,0.436
988000,15,-10.102,-3241.17,8.84356,0.452
989000,15,-15.0901,-3250.44,6.87664,0.4445
990000,16,-20.0702,-3254.4,10.1464,0.392
991000,17,-20.4009,-3247.22,8.89512,0.396
992000,16,-21.6489,-3227.5,8.60498,0.42225
993000,15,-17.3247,-3234.9,8.24056,0.453
994000,15,-10.5954,-3239.37,8.10328,0.422
995000,19,-17.4093,-3247.43,9.66536,0.43025
996000,16,-9.69524,-3238.81,6.13519,0.4285
997000,16,-13.8962,-3269.65,7.77298,0.440643
998000,23,-13.6044,-3240.22,8.79699,0.437333
999000,16,-18.0637,-3246.13,11.2191,0.433333
1000000,13,-11.7578,-3245.91,7.37598,0.427
1001000,20,-14.4927,-3226.37,11.7646,0.457
1002000,13,-9.6457,-3242.05,8.96163,0.4222
1003000,16,-15.0069,-3271.77,6.77225,0.433833
1004000,14,-9.72271,-3266.1,3.7248,0.426
1005000,15,-19.6453,-3279.2,8.77756,0.437
1006000,17,-11.4192,-3263.33,5.2427,0.443
1007000,14,-6.42046,-3260.98,6.07963,0.419857
1008000,14,-11.2998,-3257.45,7.448,0.409
1009000,15,-17.9601,-3263.54,11.7507,0.433
1010000,14,-5.24692,-3256.04,6.31692,0.441
1011000,12,-10.5217,-3253.72,7.95495,0.425
1012000,12,-4.7201,-3251.31,6.23401,0.399
1013000,14,-6.84014,-3259.51,6.25375,0.399
1014000,12,-7.76665,-3262.16,7.54139,0.419083
1015000,16,-14.3933,-3257.38,11.4428,0.437
1016000,16,-8.21988,-3259.31,6.23816,0.407
1017000,16,-10.8351,-3260.43,6.12561,0.421
1018000,15,-12.9936,-3263.32,6.37701,0.423941
1019000,15,-13.0192,-3260.74,9.25002,0.435
1020000,10,-15.6552,-3259.95,6.88612,0.403
1021000,13,-16.5866,-3267.71,10.512,0.402
1022000,13,-10.4316,-3259.3,6.75651,0.428
1023000,12,-11.2891,-3260.69,5.60962,0.434
1024000,11,-9.74131,-3257.89,7.57782,0.374
1025000,12,-12.0422,-3252.16,6.54719,0.411667
1026000,12,-10.9266,-3250.92,9.85149,0.381
1027000,12,-11.6586,-3257.42,6.19792,0.415
1028000,14,-20.1617,-3252.58,8.75135,0.40725
1029000,13,-9.76917,-3252.53,3.91748,0.389
1030000,12,-2.73822,-3255.6,4.2482,0.452
1031000,16,-11.5724,-3263.81,7.80739,0.436083
1032000,17,-16.2597,-3265.51,8.48071,0.431
1033000,16,-19.3077,-3270.41,8.54576,0.446
1034000,14,-15.8055,-3271.87,6.7666,0.415
1035000,16,-15.1215,-3250.97,11.6397,0.425278
1036000,15,-16.5298,-3247.95,6.07558,0.454
1037000,16,-7.55132,-3252.77,7.70412,0.438286
1038000,16,-3.3654,-3247.46,4.56334,0.449
1039000,16,-9.73489,-3245.68,6.89889,0.4285
1040000,15,-12.5222,-3248.18,6.34572,0.437
1041000,18,-9.04556,-3257.72,4.92159,0.44
1042000,13,-10.8507,-3258.16,8.09022,0.4135
1043000,12,-7.26318,-3249.08,4.56004,0.39
1044000,11,-8.75961,-3248.47,5.13983,0.406
1045000,12,-13.201,-3244.44,6.22938,0.396
1046000,15,-10.559,-3252.84,8.26793,0.430333
1047000,13,-5.32315,-3247.98,4.60603,0.430222
1048000,13,-9.2704,-3246.79,8.82058,0.392
1049000,15,-9.36704,-3251.88,5.97481,0.425333
1050000,19,-15.2367,-3250.21,8.04925,0.428444
1051000,21,-17.2901,-3257.38,9.68154,0.432
1052000,20,-20.1816,-3230.86,11.5411,0.421
1053000,17,-7.57769,-3242.05,6.87424,0.43275
1054000,17,-18.1518,-3236.16,10.6964,0.446
1055000,18,-3.48848,-3254.37,7.36916,0.44375
1056000,18,-7.69152,-3255.64,9.24588,0.458
1057000,15,-9.50744,-3249.53,7.51191,0.431333
1058000,16,-14.0271,-3248.23,7.35727,0.416
1059000,19,-13.3972,-3241.9,11.0135,0.461333
1060000,20,-20.6399,-3240.14,12.732,0.456
1061000,15,-7.37308,-3254.53,8.47988,0.414687
1062000,12,-7.60679,-3259.28,7.88702,0.384
1063000,18,-15.1282,-3236.4,7.46089,0.433273
1064000,21,-14.4038,-3241.47,10.9812,0.454
1065000,20,-11.9455,-3229.32,11.4827,0.465
1066000,18,-12.6576,-3224.92,12.5278,0.399
1067000,15,-7.82152,-3242.36,5.21092,0.424111
1068000,15,-6.9808,-3254.46,5.88419,0.408
1069000,16,-13.8201,-3256.08,7.92676,0.427
1070000,16,-10.4747,-3254.25,7.34611,0.43
1071000,15,-8.68994,-3267.94,9.08905,0.412
1072000,15,-8.17343,-3254.57,6.84992,0.396
1073000,15,-6.33034,-3244.5,6.95197,0.455
1074000,17,-7.50107,-3235.13,8.46462,0.41775
1075000,17,-7.23139,-3248.09,6.72266,0.426
1076000,16,-12.8198,-3247.48,11.4916,0.444
1077000,17,-12.0218,-3247.15,10.0385,0.393
1078000,15,-16.1923,-3259.61,10.315,0.417
1079000,15,-15.3085,-3268.15,10.1304,0.409
1080000,14,-7.12602,-3238.16,6.27913,0.397667
1081000,19,-23.9012,-3248.21,12.9737,0.44975
1082000,17,-16.0878,-3250.27,7.96275,0.406
1083000,16,-7.74116,-3238.83,6.40936,0.425
1084000,17,-11.1346,-3240.69,8.23374,0.434
1085000,18,-12.2894,-3250.69,6.73526,0.42816
1086000,20,-13.8993,-3246.62,6.77802,0.448571
1087000,17,-20.3749,-3245.89,9.67054,0.464
1088000,19,-11.3675,-3248.47,6.83894,0.423333
1089000,11,-11.6699,-3251.24,4.55605,0.4198
1090000,16,-11.7053,-3241.96,7.59544,0.433
1091000,16,-17.6118,-3240.63,9.11102,0.429
1092000,17,-8.99715,-3243.6,8.72835,0.416
1093000,18,-14.9297,-3241.27,10.4026,0.43
1094000,15,-20.4187,-3259.59,8.35244,0.431
1095000,17,-11.0517,-3256.49,11.1425,0.432
1096000,17,-10.0297,-3251.18,10.9444,0.421
1097000,15,-9.69884,-3255.15,7.24001,0.43
1098000,15,-16.2962,-3258.96,16.1382,0.382
1099000,14,-13.3504,-3250.93,9.06705,0.388
1100000,14,-12.3802,-3247.88,8.22181,0.412
1101000,14,-11.8563,-3241.84,7.27958,0.406
1102000,19,-20.0724,-3260.03,7.5333,0.41
1103000,17,-16.5778,-3247.74,8.38795,0.418
1104000,17,-16.4987,-3248.79,8.8522,0.4025
1105000,17,-17.3297,-3247.07,8.01583,0.398
1106000,14,-13.9699,-3262.87,4.56911,0.393765
1107000,16,-14.6252,-3250.74,8.3685,0.406
1108000,19,-13.5474,-3249.64,7.00416,0.4174
1109000,14,-6.38123,-3252.21,4.83467,0.4235
1110000,13,-8.50774,-3255.12,7.30198,0.392
1111000,12,-11.9431,-3254.39,6.42492,0.415
1112000,13,-13.5179,-3257.68,6.27126,0.417
1113000,16,-18.2817,-3245.24,8.15051,0.410875
1114000,18,-23.5399,-3251.43,8.94795,0.451333
1115000,15,-11.0578,-3246.23,7.68458,0.424333
1116000,13,-11.7285,-3252.52,6.55711,0.418
1117000,15,-19.9584,-3257.74,9.9494,0.416333
1118000,15,-17.1172,-3263.72,6.95814,0.426
1119000,17,-22.1791,-3241.56,13.2937,0.405167
1120000,15,-11.4983,-3266.47,7.08995,0.388
1121000,16,-13.9771,-3263.61,9.30277,0.376
1122000,14,-14.8141,-3260.89,6.26132,0.432
1123000,15,-10.5669,-3255.46,7.74274,0.421
1124000,17,-12.3368,-3259.84,9.11068,0.397
1125000,16,-10.6245,-3267.08,9.30174,0.385
1126000,16,-16.1077,-3260.09,8.25672,0.4104
1127000,16,-10.7139,-3252.04,6.234,0.438
1128000,19,-18.7162,-3265.49,12.4836,0.449833
1129000,15,-16.9851,-3260,8.22067,0.410045
1130000,15,-25.161,-3249.33,11.7755,0.436333
1131000,17,-17.9389,-3242.51,10.5203,0.3905
1132000,15,-12.9699,-3247.7,13.162,0.415
1133000,16,-3.00079,-3245.46,4.79532,0.4365
1134000,20,-14.184,-3252.98,11.8313,0.422111
1135000,14,-13.4108,-3257.91,7.17925,0.436333
1136000,13,-6.94613,-3245.5,3.70291,0.421
1137000,17,-16.9382,-3254.05,11.5143,0.460667
1138000,18,-25.887,-3257.75,13.0462,0.437
1139000,15,-16.3684,-3248.21,8.79567,0.412667
1140000,13,-9.20129,-3262.31,7.75248,0.442833
1141000,14,-9.49807,-3261.09,6.0138,0.41
1142000,18,-13.1694,-3245.32,6.59387,0.409333
1143000,19,-13.6865,-3256.36,11.9426,0.4388
1144000,18,-14.8752,-3241.72,9.74024,0.395
1145000,12,-6.61283,-3254.3,4.00472,0.403111
1146000,18,-12.1054,-3250.98,6.06376,0.427667
1147000,19,-22.2772,-3242.29,12.4056,0.431667
1148000,20,-12.7378,-3241.24,11.3167,0.454
1149000,14,-14.2542,-3250.92,8.64756,0.42975
1150000,13,-11.9454,-3246.19,7.20547,0.405
1151000,15,-12.7862,-3242.04,7.82865,0.407667
1152000,16,-12.1288,-3243.05,7.45613,0.405
1153000,12,-10.1521,-3244.99,5.85025,0.415
1154000,15,-18.0941,-3253.55,9.78784,0.420875
1155000,18,-19.0877,-3241.55,12.8126,0.412667
1156000,17,-20.2974,-3231.78,10.9166,0.466
1157000,17,-19.1069,-3235.14,11.4647,0.422
1158000,15,-14.1344,-3253.72,9.61128,0.4236
1159000,16,-11.2795,-3273.65,10.0695,0.4514
1160000,16,-16.0929,-3268.26,9.31768,0.425
1161000,13,-6.34787,-3246.65,7.62923,0.419333
1162000,15,-11.5737,-3248.25,8.71791,0.426
1163000,15,-12.3792,-3265.02,7.52183,0.437318
1164000,18,-11.7783,-3262.79,8.62737,0.438
1165000,13,-7.35641,-3276.08,6.59567,0.412
1166000,14,-7.54769,-3270.34,6.921,0.433
1167000,18,-15.2922,-3252.55,7.87167,0.422333
1168000,18,-21.1513,-3269.83,11.4228,0.4585
1169000,17,-12.8679,-3266.11,9.98862,0.479
1170000,16,-8.80697,-3267.12,8.53295,0.486
1171000,15,-20.422,-3234.47,9.79378,0.411857
1172000,15,-16.3375,-3235.01,7.67994,0.409
1173000,15,-19.1893,-3235.72,6.17627,0.415
1174000,16,-11.4665,-3240.24,6.48301,0.431
1175000,14,-14.776,-3240.61,12.533,0.423
1176000,12,-10.8146,-3238.91,8.33005,0.427
1177000,20,-19.6567,-3254.34,11.4136,0.4625
1178000,17,-16.4269,-3249.91,12.5871,0.461
1179000,14,-12.0232,-3240.98,6.06834,0.440824
1180000,16,-22.116,-3248.27,9.23962,0.439
1181000,16,-19.4312,-3254.64,10.6138,0.428
1182000,17,-14.076,-3256.89,10.9996,0.426
1183000,14,-15.5967,-3267.76,7.0173,0.456
1184000,15,-13.2374,-3243.01,7.82815,0.397
1185000,14,-14.781,-3248.16,8.91378,0.447
1186000,16,-20.7186,-3242.63,7.93988,0.423
1187000,16,-15.668,-3248.16,7.24785,0.422
1188000,18,-26.2927,-3248.82,9.72779,0.428
1189000,18,-26.1967,-3246.25,11.064,0.405
1190000,12,-12.6093,-3258.15,5.29565,0.408857
1191000,14,-10.2168,-3256.31,7.61302,0.401
1192000,13,-15.9464,-3269.49,6.10377,0.422
1193000,12,-10.4238,-3269.05,4.68837,0.403
1194000,19,-22.6275,-3266.55,12.846,0.4354
1195000,12,-10.9322,-3268.02,7.8574,0.387
1196000,12,-11.2248,-3267.18,7.10586,0.406
1197000,13,-12.2935,-3267.52,6.4676,0.349
1198000,16,-20.0707,-3258.69,9.9973,0.41975
1199000,16,-15.7524,-3257.26,7.72023,0.404
1200000,11,-9.06437,-3258,2.93564,0.405667
1201000,12,-9.30051,-3259.06,4.53944,0.389
1202000,17,-15.3738,-3250.4,6.7201,0.423333
1203000,17,-21.4391,-3252.67,16.2427,0.447
1204000,17,-22.0729,-3251.34,7.13755,0.435
1205000,15,-15.3704,-3234.93,5.92951,0.43925
1206000,17,-15.7773,-3237.37,6.25249,0.449
1207000,16,-20.0423,-3229.96,8.50814,0.449
1208000,17,-20.0225,-3228.65,13.875,0.408
1209000,16,-17.863,-3230.93,11.0703,0.436
1210000,15,-17.3472,-3242.24,8.24679,0.438
1211000,18,-22.0084,-3248.37,11.4912,0.442429
1212000,18,-18.8592,-3247.65,11.5836,0.419
1213000,13,-13.502,-3260.8,8.39994,0.411667
1214000,14,-6.0137,-3273.66,4.61318,0.414
1215000,12,-8.07775,-3259.14,6.64192,0.376
1216000,13,-6.03946,-3264.38,7.28905,0.405
1217000,14,-7.46209,-3257.8,8.6429,0.431
1218000,12,-2.08895,-3255.39,4.38984,0.438
1219000,15,-14.2851,-3246.63,9.58966,0.440571
1220000,16,-8.32076,-3258.86,7.35504,0.443
1221000,12,-7.72338,-3255.58,7.55868,0.403667
1222000,14,-12.7136,-3244.82,6.81553,0.421917
1223000,16,-16.586,-3253.1,7.47298,0.42985
1224000,15,-6.01776,-3260.04,6.06374,0.41225
1225000,14,-13.5242,-3258.27,9.15342,0.405
1226000,16,-5.9775,-3255.66,7.81365,0.441
1227000,17,-5.52291,-3255.97,6.44527,0.446
1228000,17,-14.1486,-3255.68,8.14856,0.4238
1229000,18,-10.1868,-3256.23,8.6039,0.444
1230000,18,-10.154,-3253.54,10.4814,0.466
1231000,20,-10.5714,-3255.69,10.5163,0.437
1232000,15,-4.48928,-3259.85,6.08306,0.424818
1233000,20,-12.8183,-3266.15,10.3636,0.458
1234000,20,-13.295,-3270.98,13.0279,0.48
1235000,21,-17.7262,-3262.07,13.1453,0.418125
1236000,18,-14.8056,-3261.37,10.3089,0.451
1237000,16,-16.3048,-3259.68,13.5618,0.396
1238000,13,-12.1032,-3260.86,6.52869,0.428167
1239000,15,-11.6336,-3264.27,10.1222,0.434
1240000,17,-20.1385,-3257.05,5.95101,0.403
1241000,17,-21.1665,-3253.54,10.6803,0.383
1242000,13,-7.25087,-3256.99,5.88466,0.4045
1243000,12,-4.19381,-3264.24,5.87227,0.382
1244000,15,-9.65863,-3255.09,6.96689,0.397333
1245000,16,-11.6252,-3256.83,6.79929,0.417
1246000,16,-8.43086,-3253.56,8.08678,0.430083
1247000,16,-6.0979,-3255.43,6.89752,0.441
1248000,16,-13.0502,-3260.3,9.13647,0.388667
1249000,13,-6.32825,-3264.14,5.90637,0.417667
1250000,11,-2.74538,-3261.04,4.65742,0.414
1251000,10,-5.60551,-3265.96,6.14471,0.382
1252000,13,-11.8556,-3253.06,7.03827,0.4194
1253000,13,-10.2641,-3250.37,4.87209,0.388
1254000,14,-6.77849,-3249.25,6.50028,0.415
1255000,14,-3.45215,-3251.76,3.86956,0.413
1256000,12,-5.19055,-3252.88,6.91915,0.437
1257000,13,-7.76816,-3261.23,5.7704,0.402
1258000,12,-13.6164,-3245.81,7.26631,0.39
1259000,12,-8.00505,-3257,7.71005,0.413
1260000,19,-21.5765,-3247.02,8.25852,0.433667
1261000,18,-22.4748,-3251.81,9.07505,0.425
1262000,13,-12.8157,-3258.92,10.2196,0.393909
1263000,11,-6.27562,-3260.91,4.30403,0.398
1264000,14,-13.8708,-3247.01,5.71817,0.414
1265000,13,-5.60489,-3250.78,4.89194,0.401
1266000,17,-17.3074,-3252.47,10.9674,0.4446
1267000,13,-11.9931,-3279.12,7.22928,0.406421
1268000,13,-4.37274,-3258.7,6.43078,0.4032
1269000,17,-9.85772,-3260.9,7.96788,0.40975
1270000,16,-8.50059,-3254.32,7.66513,0.42
1271000,13,-11.8874,-3275.18,6.08385,0.40475
1272000,13,-12.2687,-3274.98,8.35318,0.385
1273000,13,-7.16836,-3281.98,6.21894,0.413
1274000,12,-8.22737,-3264.13,7.41142,0.408
1275000,12,-5.35292,-3254.52,6.39938,0.393
1276000,11,-7.18735,-3257.21,4.90605,0.375
1277000,11,-5.40119,-3255.92,4.58241,0.379
1278000,12,-7.34322,-3258.05,5.19679,0.388
1279000,13,-9.35009,-3260.5,6.03687,0.415
1280000,14,-16.7913,-3271.83,9.62449,0.393125
1281000,14,-15.9425,-3268.03,4.32836,0.411
1282000,14,-12.714,-3270.45,7.53624,0.427
1283000,15,-18.6074,-3275.78,8.50013,0.424
1284000,16,-18.4678,-3274.22,6.34183,0.408
1285000,15,-14.5102,-3279.29,4.86601,0.409
1286000,17,-9.67154,-3267.22,6.81372,0.433
1287000,13,-8.14558,-3253.67,9.34981,0.424875
1288000,12,-10.2017,-3250.93,6.29771,0.392
1289000,18,-11.193,-3264.58,9.77361,0.426
1290000,16,-12.2252,-3270.96,7.76275,0.441
1291000,13,-10.2802,-3262.06,8.76308,0.406
1292000,14,-16.2442,-3260.64,5.62975,0.396
1293000,15,-17.0245,-3266.16,7.37383,0.401
1294000,13,-12.1109,-3260,7.94931,0.429667
1295000,17,-13.2319,-3259.66,8.04285,0.4075
1296000,14,-5.40307,-3268.22,5.13445,0.443
1297000,14,-5.41057,-3259.78,5.73454,0.4405
1298000,16,-10.9649,-3266.83,7.51792,0.426
1299000,16,-18.4315,-3267.2,10.3584,0.421
1300000,16,-8.88834,-3264.79,7.13109,0.423
1301000,16,-13.0051,-3268.16,7.79146,0.432333
1302000,15,-10.3405,-3258.59,7.58415,0.3965
1303000,15,-9.22533,-3273.34,8.84976,0.378
1304000,16,-9.96404,-3262.78,6.61069,0.38
1305000,14,-15.3605,-3252.33,9.33504,0.429
1306000,13,-11.8315,-3256.52,8.19177,0.422
1307000,13,-17.4555,-3257.78,6.54055,0.432
1308000,12,-9.87732,-3261.47,6.70807,0.409375
1309000,12,-12.0759,-3259.55,8.4914,0.43
1310000,11,-6.86885,-3262.17,5.897,0.432
1311000,16,-14.6587,-3266.94,8.82751,0.4128
1312000,14,-18.2222,-3258.41,8.43643,0.443
1313000,16,-20.6081,-3255.51,9.41868,0.411
1314000,11,-8.83001,-3258.3,5.59582,0.410714
1315000,14,-18.0944,-3253.56,9.42117,0.413
1316000,15,-10.7777,-3256.7,7.53778,0.40325
1317000,15,-6.52037,-3253.83,6.63825,0.405
1318000,15,-6.08215,-3257.33,9.06921,0.438
1319000,15,-6.28097,-3257.04,8.60059,0.411
1320000,11,-7.70821,-3256.22,3.52096,0.401
1321000,15,-16.2846,-3246.62,7.33059,0.412571
1322000,16,-8.03454,-3258.02,4.62184,0.411
1323000,14,-8.8672,-3255.13,6.55389,0.459
1324000,17,-9.03542,-3250.95,6.74417,0.441
1325000,16,-12.863,-3259.58,10.0071,0.401
1326000,11,-7.68495,-3261.36,3.84866,0.399833
1327000,13,-15.4798,-3243.31,4.68012,0.408167
1328000,13,-15.0872,-3245.13,6.52885,0.394
1329000,13,-17.9498,-3237.12,7.6964,0.388
1330000,13,-14.4007,-3242.77,4.4643,0.387
1331000,14,-15.794,-3245.85,7.31408,0.425
1332000,14,-13.8209,-3239.73,5.56405,0.383
1333000,13,-15.0427,-3236.9,9.98411,0.362
1334000,13,-18.3351,-3240.71,8.32489,0.402
1335000,13,-15.5609,-3260.33,7.51029,0.3923
1336000,14,-13.4302,-3249.01,8.84091,0.4315
1337000,14,-14.5066,-3245.83,5.90406,0.419
1338000,19,-12.9367,-3240.76,8.29947,0.424174
1339000,14,-11.6998,-3240.39,6.4956,0.412
1340000,15,-5.6821,-3255.01,4.80934,0.422
1341000,13,-7.34134,-3263.18,8.58726,0.428
1342000,17,-10.216,-3242.58,6.79772,0.414
1343000,13,-6.00739,-3270.29,6.87671,0.406
1344000,14,-9.77601,-3242.6,7.18252,0.384
1345000,13,-6.55226,-3252.01,7.07175,0.393
1346000,13,-8.61932,-3246.62,8.40554,0.361
1347000,12,-4.42597,-3249.48,6.23084,0.407
1348000,12,-6.19584,-3250.13,5.76916,0.409
1349000,19,-24.24,-3240.54,10.247,0.398857
1350000,18,-17.0648,-3233.54,10.1343,0.424
1351000,19,-18.9811,-3231.9,9.0088,0.432
1352000,14,-11.504,-3241.7,9.79989,0.41975
1353000,13,-6.66576,-3240.67,5.28733,0.442
1354000,14,-10.1526,-3240.28,10.239,0.444
1355000,14,-5.8327,-3242.7,6.08836,0.392
1356000,13,-4.68515,-3257.43,4.87091,0.412769
1357000,14,-6.69376,-3263.08,6.20204,0.4015
1358000,21,-14.3355,-3224.44,8.82309,0.440714
1359000,21,-21.1274,-3237.8,9.80444,0.456
1360000,21,-31.2277,-3229.08,8.87264,0.429
1361000,19,-14.6078,-3235.54,5.74848,0.418
1362000,20,-37.1742,-3247.13,14.8474,0.423
1363000,19,-27.2705,-3257.93,12.4251,0.421
1364000,20,-25.7165,-3239.09,12.1477,0.424
1365000,19,-16.6795,-3237.11,6.51056,0.415
1366000,15,-12.4033,-3238.65,7.86629,0.443545
1367000,17,-10.5308,-3234.11,10.4737,0.463
1368000,14,-11.4909,-3264.52,6.47,0.418182
1369000,13,-10.5636,-3257.29,5.65569,0.445
1370000,17,-11.2094,-3248.28,4.83897,0.44
1371000,20,-29.872,-3234.79,14.5741,0.431667
1372000,18,-21.6428,-3250.22,8.6925,0.459
1373000,16,-11.5541,-3250.5,9.27573,0.454
1374000,16,-11.9185,-3246.6,6.87385,0.437
1375000,20,-19.3047,-3243.6,12.4028,0.44075
1376000,20,-18.1932,-3239.11,12.0632,0.443
1377000,20,-14.6798,-3234.15,8.4486,0.427
1378000,14,-14.814,-3242,7.33802,0.438545
1379000,23,-21.4928,-3224.99,11.6137,0.459
1380000,19,-23.7049,-3244.67,7.39748,0.443846
1381000,21,-18.5356,-3235.57,9.0959,0.455
1382000,14,-10.1502,-3249.81,5.56246,0.401
1383000,13,-13.4375,-3249.99,6.63009,0.431
1384000,12,-8.68352,-3257.27,5.11236,0.384
1385000,21,-23.8666,-3222.62,12.1444,0.4315
1386000,23,-25.3229,-3230.4,10.8155,0.427
1387000,22,-18.2325,-3235.32,12.7593,0.417
1388000,23,-23.6526,-3231.92,9.73305,0.416
1389000,24,-24.4399,-3234.31,15.5395,0.431
1390000,21,-26.3906,-3246.64,13.7745,0.439222
1391000,16,-20.3918,-3253.46,9.19136,0.413176
1392000,12,-11.3575,-3252.84,5.56105,0.399125
1393000,12,-8.61319,-3256.65,2.74964,0.41
1394000,11,-10.4289,-3258.72,5.60966,0.385
1395000,13,-6.56359,-3256.4,6.3005,0.3985
1396000,11,-12.4679,-3254.25,6.69781,0.3745
1397000,18,-16.593,-3253.39,7.00568,0.4285
1398000,14,-22.0453,-3256.21,13.3745,0.413
1399000,15,-9.46666,-3254.64,4.56102,0.442
1400000,16,-14.5885,-3247.32,6.26754,0.458
1401000,16,-11.3065,-3253.19,4.74446,0.418
1402000,16,-13.8147,-3261.32,5.09382,0.399
1403000,16,-8.22322,-3264.65,5.09207,0.434
1404000,14,-17.2013,-3262.35,10.4235,0.409875
1405000,25,-26.2672,-3216.37,13.1098,0.437812
1406000,26,-20.8773,-3213.24,11.7669,0.457
1407000,26,-24.8855,-3216.98,14.3552,0.443
1408000,15,-14.6248,-3242.04,8.4319,0.448667
1409000,29,-24.8754,-3207.78,20.0628,0.456
1410000,16,-14.0706,-3257.81,10.3591,0.43
1411000,16,-18.1849,-3245.92,10.7701,0.454
1412000,19,-17.9593,-3241.68,12.4834,0.435556
1413000,17,-14.6542,-3244.32,8.14505,0.429
1414000,13,-16.9806,-3250.22,6.93566,0.427333
1415000,14,-11.9835,-3245.23,8.6677,0.420857
1416000,14,-9.43407,-3239.14,5.31495,0.406
1417000,14,-16.2595,-3243.59,11.8349,0.417333
1418000,17,-28.3292,-3237.83,5.90655,0.4195
1419000,14,-13.7782,-3239.52,8.49906,0.423
1420000,16,-10.706,-3240.19,9.2521,0.439
1421000,17,-17.8279,-3237.15,8.08096,0.420375
1422000,22,-21.9512,-3213.92,12.6104,0.434308
1423000,16,-17.7787,-3233.01,10.2112,0.429
1424000,16,-24.8927,-3235.34,7.49255,0.406
1425000,16,-17.3543,-3233.65,5.37234,0.448
1426000,20,-22.2862,-3211.96,13.0754,0.42425
1427000,15,-17.5611,-3239.72,8.82698,0.4038
1428000,16,-13.425,-3226.46,10.2924,0.457
1429000,18,-26.2732,-3229.87,13.9543,0.446
1430000,17,-14.1247,-3231.72,8.50915,0.437
1431000,17,-11.4777,-3229.27,4.02022,0.448
1432000,16,-19.7457,-3223.8,11.111,0.465
1433000,27,-33.9486,-3219.06,13.8484,0.438714
1434000,15,-13.6617,-3237.92,7.70788,0.43
1435000,17,-15.3959,-3227.27,8.67637,0.425
1436000,16,-13.8275,-3227.52,7.33563,0.4
1437000,15,-8.99456,-3231.58,8.20101,0.405
1438000,16,-9.43689,-3230.87,8.37706,0.4165
1439000,18,-25.8639,-3228.08,14.4857,0.414286
1440000,17,-12.9008,-3249.11,9.33623,0.424429
1441000,16,-10.8537,-3224.2,8.25801,0.417
1442000,17,-16.9786,-3239.83,7.9594,0.412
1443000,17,-19.5839,-3231.63,7.01379,0.419
1444000,16,-15.0171,-3229.82,9.87539,0.432667
1445000,15,-12.9557,-3239.76,10.1177,0.464
1446000,15,-15.0248,-3251.58,7.94092,0.41
1447000,14,-11.1477,-3249.22,9.14767,0.413
1448000,19,-23.6017,-3252.61,12.215,0.4262
1449000,18,-9.90777,-3254.27,10.53,0.439
1450000,18,-14.0947,-3264.11,9.99124,0.451
1451000,20,-23.9617,-3215.67,13.5595,0.418583
1452000,15,-9.22239,-3250.73,7.6156,0.4285
1453000,17,-22.4637,-3226.88,13.643,0.447167
1454000,19,-24.2122,-3222.55,15.4488,0.420333
1455000,21,-25.1004,-3214.2,13.4984,0.422
1456000,24,-21.5535,-3213.32,10.2591,0.422
1457000,25,-25.1181,-3203.56,12.7526,0.447
1458000,22,-21.2379,-3212,12.5588,0.466
1459000,22,-22.4764,-3213.12,11.6803,0.426
1460000,19,-20.2138,-3238.58,8.64986,0.425045
1461000,18,-10.1048,-3235.53,9.0825,0.42
1462000,17,-22.9914,-3239.15,10.6791,0.434
1463000,21,-32.3755,-3223.45,13.9842,0.4434
1464000,20,-18.8968,-3226.6,9.99266,0.456
1465000,22,-17.4353,-3226.1,8.81694,0.444
1466000,16,-12.1639,-3241.81,7.80792,0.44325
1467000,22,-18.4255,-3229.42,10.2359,0.431
1468000,20,-19.4527,-3222.29,10.5034,0.436667
1469000,19,-18.8233,-3215.05,11.4049,0.429
1470000,17,-21.1251,-3214.66,7.66759,0.389
1471000,18,-24.875,-3215.2,12.0075,0.422
1472000,19,-23.0168,-3214.38,9.61107,0.4222
1473000,18,-21.8099,-3207.76,11.1958,0.423
1474000,18,-11.1618,-3202.25,4.74176,0.431
1475000,21,-22.5854,-3202.11,9.72389,0.459
1476000,20,-17.9146,-3204.2,9.65063,0.458
1477000,20,-26.5925,-3209.72,12.1464,0.46
1478000,19,-18.4882,-3234.93,9.49928,0.437423
1479000,18,-11.9618,-3237.32,11.9964,0.45
1480000,19,-14.4013,-3232.99,8.25229,0.413
1481000,19,-20.0474,-3238.71,9.55997,0.432
1482000,18,-22.2908,-3240.23,10.6799,0.447
1483000,17,-14.5153,-3245.88,7.73947,0.418
1484000,17,-12.8281,-3220.95,7.26164,0.433857
1485000,19,-15.1392,-3217.04,10.8969,0.433
1486000,17,-14.0605,-3207.99,7.28502,0.453
1487000,18,-15.0839,-3221.72,10.8651,0.408
1488000,18,-16.4175,-3228.19,10.6239,0.455
1489000,17,-6.54942,-3212.01,6.41657,0.431
1490000,18,-8.57265,-3214,10.9086,0.465
1491000,21,-12.0825,-3222.57,12.0009,0.415
1492000,15,-10.5834,-3252.3,7.44338,0.432654
1493000,18,-18.071,-3253.64,12.8729,0.449
1494000,18,-16.3346,-3260.61,7.22494,0.435
1495000,14,-7.6977,-3254.51,6.11045,0.437
1496000,26,-30.5223,-3238.09,14.5986,0.433846
1497000,27,-30.282,-3236.32,14.6193,0.479
1498000,20,-9.66665,-3232.49,8.52151,0.439577
1499000,19,-12.7022,-3241.49,8.55198,0.462
1500000,18,-14.1587,-3221.82,9.04312,0.448889
1501000,17,-12.2623,-3240.73,11.0716,0.464
1502000,18,-16.124,-3226.84,8.24107,0.455
1503000,20,-15.9212,-3241.6,8.26096,0.4295
1504000,20,-15.9711,-3243.05,12.9938,0.44
1505000,21,-13.6493,-3234.13,11.4697,0.466
1506000,20,-15.5994,-3237.8,8.36248,0.433
1507000,20,-11.3108,-3225.39,9.0615,0.437
1508000,14,-15.1618,-3254.19,6.27997,0.431231
1509000,13,-13.8085,-3255.72,6.91386,0.381
1510000,12,-12.8425,-3252.26,6.66878,0.413
1511000,11,-7.05622,-3253.41,2.87599,0.388
1512000,12,-19.0638,-3254.67,11.7047,0.38
1513000,14,-19.8825,-3258.75,7.79789,0.402
1514000,18,-16.3298,-3254.34,12.2009,0.452706
1515000,18,-12.5962,-3251.77,9.59519,0.429
1516000,17,-8.28696,-3233.01,5.76977,0.427222
1517000,10,-9.34601,-3257.48,6.27556,0.4085
1518000,10,-4.22582,-3255.71,5.46302,0.393
1519000,16,-11.3999,-3258.91,6.57501,0.403
1520000,19,-14.4546,-3222.56,12.2687,0.40575
1521000,19,-17.9481,-3230.03,8.29968,0.432
1522000,19,-20.0089,-3239.24,8.67656,0.434
1523000,20,-17.5887,-3226.17,10.0567,0.442
1524000,19,-16.2605,-3219,11.8718,0.441
1525000,20,-21.173,-3218.99,11.1382,0.404
1526000,13,-15.4592,-3246.97,9.66627,0.422625
1527000,24,-23.2074,-3220.75,12.3102,0.4305
1528000,23,-18.4739,-3217.44,12.4314,0.436
1529000,17,-14.4635,-3257.56,7.34808,0.4303
1530000,17,-17.725,-3261.77,9.23209,0.42
1531000,12,-7.78176,-3253.37,5.53483,0.414
1532000,15,-12.4447,-3267.72,6.8396,0.4405
1533000,14,-14.0053,-3272.01,6.52988,0.43
1534000,17,-14.2566,-3236.92,13.631,0.428833
1535000,20,-6.91531,-3225.07,9.71661,0.441
1536000,18,-8.0664,-3229.28,6.27852,0.418
1537000,20,-13.0052,-3231.57,10.0108,0.437
1538000,20,-13.7764,-3231.95,9.08249,0.42
1539000,18,-11.8328,-3213.42,5.71396,0.419
1540000,14,-6.11083,-3245.58,5.85559,0.431
1541000,15,-8.23143,-3273.23,4.92761,0.433875
1542000,16,-12.9252,-3248.51,8.44637,0.419
1543000,16,-5.84843,-3268.73,8.46823,0.423417
1544000,14,-13.8703,-3241.13,9.06684,0.3995
1545000,12,-2.73842,-3263.25,4.86147,0.424
1546000,13,-8.73732,-3256.79,7.90232,0.373
1547000,12,-6.41907,-3255.58,6.42776,0.404
1548000,15,-7.56981,-3269.52,8.84522,0.452571
1549000,21,-15.8808,-3210.32,9.90277,0.4175
1550000,20,-12.2668,-3233.08,10.1884,0.407333
1551000,19,-15.1203,-3223.03,9.5269,0.438
1552000,20,-31.295,-3221.88,8.41829,0.456
1553000,18,-21.3158,-3226.14,9.84768,0.433
1554000,18,-10.3479,-3226.03,9.7028,0.451
1555000,17,-15.2297,-3230.2,12.5077,0.406
1556000,18,-25.9035,-3226.84,11.2188,0.399
1557000,21,-15.9085,-3218.46,8.5057,0.43325
1558000,26,-38.4357,-3208.89,16.0532,0.435
1559000,25,-26.3576,-3215.8,16.1501,0.461
1560000,16,-12.8408,-3252.76,6.51916,0.420538
1561000,17,-5.79868,-3232.68,5.99849,0.4328
1562000,23,-19.3676,-3215.04,11.8907,0.44
1563000,17,-13.1594,-3228.68,12.5643,0.436
1564000,20,-9.89968,-3212.28,11.3322,0.4155
1565000,20,-20.2148,-3212.05,14.987,0.442
1566000,19,-18.6185,-3219.73,12.0147,0.422
1567000,19,-12.1119,-3214.75,8.16323,0.448
1568000,16,-13.758,-3225.14,10.6554,0.423
1569000,16,-7.50397,-3218.59,5.19879,0.386
1570000,17,-14.7212,-3227.27,10.4092,0.426857
1571000,15,-12.04,-3254.54,6.02012,0.442696
1572000,19,-16.7486,-3222.28,9.72169,0.4455
1573000,18,-16.3064,-3228.87,11.1683,0.442
1574000,19,-16.029,-3221.77,9.08626,0.417
1575000,16,-3.18988,-3225.49,5.83739,0.48
1576000,15,-12.8593,-3225.56,9.29492,0.394
1577000,17,-11.8919,-3227.46,11.8839,0.451
1578000,22,-23.405,-3221.74,19.8543,0.427333
1579000,18,-11.282,-3219.5,9.44456,0.426
1580000,19,-12.2228,-3216.52,10.9747,0.44
1581000,15,-15.6097,-3252.47,10.1786,0.433952
1582000,17,-11.2946,-3220.47,6.79119,0.42
1583000,17,-9.91222,-3228.85,11.1802,0.426
1584000,19,-4.176,-3216.78,6.05222,0.423
1585000,17,-15.7096,-3221.21,9.41408,0.424375
1586000,18,-16.7287,-3223.33,10.5925,0.452
1587000,16,-12.9334,-3227.21,12.2204,0.436
1588000,21,-14.0728,-3220.81,10.1778,0.45775
1589000,22,-18.5453,-3229.32,12.9482,0.427
1590000,22,-14.7969,-3232.21,9.29753,0.467
1591000,20,-8.64473,-3228.73,10.5327,0.435
1592000,12,0.608538,-3262.21,4.27165,0.426
1593000,13,-3.80456,-3258.72,7.37735,0.409
1594000,13,-5.46387,-3256.94,8.93916,0.461
1595000,15,-10.7029,-3262.17,7.70651,0.448
1596000,22,-20.2916,-3217.95,8.8526,0.455111
1597000,23,-24.872,-3222.08,11.0973,0.429
1598000,21,-22.6571,-3218.32,7.67686,0.44
1599000,21,-11.8164,-3226.52,10.0534,0.447375
1600000,20,-24.767,-3239.45,11.0368,0.4335
1601000,19,-10.5793,-3259.87,10.3837,0.4554
1602000,20,-20.0659,-3232.75,8.16019,0.4325
1603000,19,-19.0618,-3231.98,6.7647,0.461
1604000,16,-18.9081,-3220.72,10.753,0.4122
1605000,16,-15.8077,-3226.56,10.3691,0.417
1606000,18,-18.1686,-3238.8,10.1306,0.398
1607000,19,-26.9507,-3231.87,11.1257,0.41075
1608000,19,-20.8497,-3240.2,10.5467,0.436
1609000,18,-12.8448,-3258.52,7.38344,0.4245
1610000,17,-16.2666,-3249.83,10.006,0.456
1611000,13,-9.36649,-3265.97,7.72429,0.417875
1612000,19,-21.5184,-3264.1,6.92182,0.451333
1613000,21,-22.8262,-3251.73,13.2168,0.451
1614000,20,-22.5839,-3250.46,8.93624,0.453
1615000,19,-9.31819,-3257.62,6.10232,0.424
1616000,18,-15.2882,-3256.03,8.567,0.447
1617000,17,-11.249,-3263.16,7.52165,0.428
1618000,18,-8.19774,-3233.01,10.2032,0.4305
1619000,18,-15.3073,-3235.03,9.95811,0.407
1620000,11,-4.88175,-3257.4,5.95292,0.4077
1621000,13,-16.7993,-3271.07,11.722,0.41625
1622000,16,-7.92321,-3231.79,9.12103,0.407333
1623000,13,-7.97288,-3254.74,9.29623,0.398
1624000,13,-6.18202,-3255.36,7.19941,0.414
1625000,12,-11.9796,-3265.93,7.50052,0.395
1626000,12,-9.30505,-3260.71,6.15532,0.399
1627000,11,-5.31607,-3260.09,5.20975,0.386
1628000,14,-15.4375,-3253.13,6.7544,0.412857
1629000,12,-18.034,-3259.26,8.43555,0.3945
1630000,12,-5.67577,-3256.24,6.50435,0.46
1631000,15,-11.5801,-3262.04,5.91126,0.409
1632000,15,-14.188,-3258.26,8.16545,0.461
1633000,18,-12.7139,-3218.92,6.54583,0.426455
1634000,17,-11.2937,-3215.81,6.95462,0.412
1635000,17,-14.5188,-3214.65,7.25559,0.421
1636000,12,-9.62097,-3270.88,3.58429,0.41704
1637000,17,-17.4725,-3226.51,9.9,0.4045
1638000,17,-21.2329,-3216.1,13.4492,0.421
1639000,18,-17.1195,-3222.95,8.54912,0.429
1640000,16,-13.8987,-3256.39,9.56807,0.4475
1641000,19,-17.6288,-3233.77,11.068,0.4345
1642000,22,-24.7022,-3268.29,9.75229,0.469
1643000,17,-14.0801,-3267.98,6.44001,0.454
1644000,20,-26.6703,-3266.17,9.38609,0.477
1645000,17,-12.5789,-3265.25,6.00794,0.462
1646000,20,-17.7747,-3222.81,7.80789,0.433
1647000,13,-17.1446,-3269.28,9.7486,0.4505
1648000,16,-13.9693,-3264.84,8.16719,0.418
1649000,14,-9.11551,-3267.02,7.14106,0.423
1650000,13,-8.83072,-3250.41,8.01371,0.435214
1651000,12,-9.01342,-3244.73,8.2932,0.42
1652000,12,-7.08007,-3245.41,3.36744,0.379
1653000,12,-9.86064,-3246.68,5.9077,0.381
1654000,12,-11.1057,-3242.63,6.2574,0.429
1655000,16,-16.7676,-3212.66,8.87401,0.407222
1656000,17,-15.1602,-3219.35,7.69841,0.454
1657000,14,-10.8557,-3234.83,4.34309,0.414333
1658000,15,-12.7769,-3230.65,7.64657,0.423
1659000,16,-16.5114,-3234.55,10.1896,0.375
1660000,18,-23.2122,-3235.01,11.3241,0.399
1661000,16,-13.2692,-3232.87,9.58875,0.422
1662000,14,-10.9837,-3250.33,6.09801,0.41825
1663000,15,-5.97431,-3239.98,6.9599,0.3855
1664000,15,-9.70375,-3243.39,9.59772,0.416
1665000,13,-10.8515,-3249.59,8.00631,0.415333
1666000,13,-14.6204,-3256.98,7.2644,0.42
1667000,12,-16.1038,-3273.56,7.45381,0.440833
1668000,16,-18.3454,-3236.88,11.3132,0.419545
1669000,18,-9.55153,-3234.98,7.82564,0.4162
1670000,16,-7.2443,-3237.49,8.64754,0.434
1671000,15,-6.56073,-3234.53,7.37689,0.403
1672000,16,-18.7983,-3239.67,13.7069,0.444
1673000,19,-28.4646,-3262.09,12.2199,0.453333
1674000,12,-7.18978,-3254.55,6.22868,0.429
1675000,11,-8.54098,-3253.11,5.72757,0.401
1676000,14,-12.5,-3258.73,5.32835,0.4205
1677000,12,-6.33231,-3246.6,4.78173,0.407
1678000,12,-5.53043,-3245.85,4.71522,0.401
1679000,12,-9.50713,-3246.64,4.62928,0.417
1680000,13,-9.06892,-3251.51,7.38163,0.399
1681000,17,-16.9493,-3250.74,7.43521,0.441875
1682000,17,-24.996,-3244.31,15.6311,0.413
1683000,17,-19.0765,-3247.33,8.48056,0.416
1684000,15,-18.7086,-3253.39,7.98114,0.414
1685000,14,-14.8301,-3238.76,5.09581,0.408
1686000,13,-12.3331,-3248.2,7.94995,0.406
1687000,12,-8.35073,-3242.84,9.91077,0.413
1688000,13,-5.70602,-3246.03,6.59428,0.389
1689000,14,-11.9411,-3253.89,8.02088,0.397
1690000,13,-10.9196,-3250.75,8.20862,0.396
1691000,14,-18.3401,-3249.62,10.239,0.410429
1692000,16,-9.73896,-3232.45,10.3811,0.4073
1693000,14,-6.17573,-3228.3,8.30621,0.406
1694000,14,-5.02292,-3234.39,7.48051,0.403
1695000,14,-6.74458,-3239.49,7.68587,0.4
1696000,12,-10.6582,-3264.1,6.89297,0.409381
1697000,12,-10.0977,-3268.56,7.50773,0.412429
1698000,12,-5.86502,-3273.03,4.81759,0.421
1699000,15,-10.0449,-3261.35,8.72208,0.4425
1700000,12,-18.3953,-3262.69,4.47123,0.4285
1701000,17,-20.2538,-3252.67,9.10472,0.4095
1702000,17,-15.9645,-3238.44,7.17898,0.385
1703000,18,-25.7032,-3236.94,8.12696,0.418
1704000,12,-12.6246,-3251.22,10.1658,0.390667
1705000,12,-5.56057,-3250.83,3.74806,0.394
1706000,13,-7.18665,-3251.27,6.67753,0.404
1707000,13,-6.75299,-3254.3,4.18778,0.423
1708000,12,-7.67229,-3259.48,7.8641,0.417
1709000,11,-15.0524,-3254.66,8.5297,0.38
1710000,12,-12.8809,-3257.14,6.38178,0.378
1711000,12,-5.63339,-3259.28,4.12558,0.394
1712000,13,-6.5952,-3252.47,8.44674,0.405
1713000,11,-15.6722,-3259.01,7.62105,0.417154
1714000,17,-13.7753,-3252.5,9.43537,0.433846
1715000,16,-13.1476,-3254.14,7.58298,0.447
1716000,16,-13.6995,-3258.1,12.727,0.459
1717000,12,-9.27339,-3259.2,7.66851,0.416
1718000,17,-19.3091,-3233.21,11.2777,0.4222
1719000,15,-11.1731,-3233.89,8.30987,0.409
1720000,13,-8.13581,-3255.81,5.63267,0.428333
1721000,18,-15.3329,-3260.47,8.16565,0.451
1722000,12,-15.9082,-3258.66,4.77685,0.418
1723000,12,-18.0543,-3252.17,5.63399,0.409
1724000,11,-9.92194,-3247.02,7.78183,0.43
1725000,11,-9.09306,-3252.43,8.77946,0.402
1726000,15,-17.287,-3258.71,11.3986,0.456
1727000,15,-22.1397,-3257.07,10.8567,0.456
1728000,13,-17.2169,-3251.16,7.97984,0.413
1729000,17,-8.12574,-3236.48,7.03834,0.4176
1730000,15,-11.0632,-3235.76,8.96255,0.451
1731000,14,-11.9017,-3239.95,7.5197,0.408
1732000,13,-3.83721,-3233.52,3.16232,0.374
1733000,13,-5.82552,-3239.19,5.99043,0.391
1734000,14,-5.70493,-3242.17,6.38603,0.403
1735000,13,-11.7783,-3250.84,6.92466,0.414
1736000,11,-16.0306,-3255.21,7.82875,0.426391
1737000,12,-11.7221,-3261.91,8.86748,0.407
1738000,14,-20.2009,-3259.04,8.12136,0.4049
1739000,14,-6.98376,-3262.43,6.81173,0.415286
1740000,16,-13.3389,-3250.94,9.38608,0.41
1741000,15,-14.8639,-3251.3,6.45812,0.417
1742000,13,-2.3395,-3251.33,5.69604,0.432
1743000,13,-6.28288,-3243.07,7.59445,0.424
1744000,13,-9.95504,-3242.74,9.58919,0.431
1745000,13,-7.97887,-3242.95,6.35383,0.373
1746000,12,-12.4951,-3262.65,8.12797,0.389
1747000,15,-16.4485,-3239.17,5.84717,0.4155
1748000,16,-15.5365,-3246.64,8.93342,0.426
1749000,17,-20.3148,-3245.18,10.3016,0.411
1750000,16,-8.55446,-3255.13,5.78237,0.424
1751000,13,-8.94964,-3244.17,5.44143,0.408
1752000,13,-5.08377,-3249.08,6.7871,0.419
1753000,13,-3.41582,-3256.83,7.00207,0.433
1754000,10,-9.96207,-3258.79,8.09032,0.406765
1755000,11,-10.9728,-3264.08,7.66324,0.416
1756000,11,-9.13438,-3264.16,5.48125,0.378
1757000,11,-10.7043,-3263,4.72526,0.419
1758000,11,-6.12481,-3260.96,2.2527,0.423
1759000,13,-8.57032,-3254.16,5.15691,0.408615
1760000,13,-10.8628,-3257.17,6.3933,0.417571
1761000,12,-16.3967,-3271.17,5.64789,0.418333
1762000,12,-12.4282,-3261.82,10.6402,0.406
1763000,11,-6.56955,-3255.77,5.41897,0.414
1764000,11,-4.65352,-3261.46,4.08502,0.431
1765000,12,-11.6947,-3263.32,8.57659,0.391
1766000,12,-7.84377,-3269.77,7.25723,0.428
1767000,11,-5.9221,-3271.43,4.26758,0.406
1768000,14,-12.1518,-3263.26,8.73604,0.425125
1769000,14,-20.5284,-3251.23,8.86631,0.386
1770000,13,-10.1384,-3250.67,5.98116,0.401
1771000,11,-15.3786,-3258.95,6.29704,0.40925
1772000,11,-15.9891,-3257.63,7.49041,0.38
1773000,13,-9.53475,-3265.89,5.064,0.406429
1774000,12,-11.256,-3260.33,5.52242,0.405
1775000,10,-5.41425,-3255.36,4.94014,0.397
1776000,11,-5.1294,-3255.26,4.35751,0.367
1777000,13,-12.3469,-3259.63,8.59814,0.408286
1778000,14,-11.5465,-3257.49,9.36436,0.412
1779000,15,-11.1186,-3260.2,8.14733,0.4182
1780000,15,-16.1877,-3258.87,8.90159,0.448
1781000,15,-23.3438,-3257.08,8.78836,0.455
1782000,17,-12.4306,-3261.95,5.1544,0.418409
1783000,13,-12.1876,-3255.89,6.6933,0.4298
1784000,12,-11.4181,-3265.02,5.59457,0.426333
1785000,11,-2.71082,-3257.04,5.06555,0.412333
1786000,14,-9.93149,-3251.84,4.92441,0.438
1787000,12,-1.35069,-3264.34,4.67054,0.455
1788000,15,-12.2563,-3258.56,6.17282,0.421667
1789000,14,-20.0672,-3277.83,7.29673,0.457
1790000,15,-17.3354,-3266.99,5.38946,0.409
1791000,13,-14.8819,-3279.18,10.4972,0.435
1792000,12,-6.58686,-3271.04,5.64898,0.4454
1793000,11,-5.52993,-3267.43,7.69562,0.432
1794000,11,-1.59418,-3267.64,4.51611,0.433
1795000,12,-5.93971,-3261.91,4.67769,0.423
1796000,11,-15.0192,-3271.34,7.56572,0.382
1797000,12,-6.03315,-3271.8,4.57581,0.396
1798000,12,-15.5907,-3263.41,6.25477,0.435154
1799000,11,-13.2026,-3273.75,9.5294,0.387
1800000,10,-10.6293,-3274.97,5.57904,0.411
1801000,17,-16.905,-3260.49,12.1417,0.3991
1802000,17,-9.78649,-3238.8,7.00808,0.422312
1803000,17,-12.3078,-3229.48,7.81183,0.398
1804000,16,-9.70167,-3235.56,7.47129,0.413
1805000,16,-15.7398,-3234.87,5.58394,0.405
1806000,10,-11.7074,-3258.17,6.097,0.398667
1807000,13,-10.2898,-3257.51,7.85237,0.37
1808000,17,-18.7006,-3255.31,6.7681,0.418571
1809000,15,-22.5359,-3246.46,9.09744,0.445
1810000,15,-11.3424,-3252.94,5.14089,0.433
1811000,13,-10.6152,-3250.35,9.00812,0.398846
1812000,13,-8.32135,-3253.57,6.51352,0.386
1813000,14,-13.3789,-3254.86,6.02104,0.415
1814000,15,-16.6645,-3262.1,8.96068,0.432
1815000,12,-7.29663,-3265.36,5.15463,0.390125
1816000,11,-6.54763,-3267.42,4.77393,0.401
1817000,15,-13.0145,-3240.88,7.97453,0.4188
1818000,20,-25.2415,-3251.41,8.74887,0.41775
1819000,19,-25.9311,-3253.13,7.93723,0.459
1820000,11,-7.6057,-3262.42,7.02492,0.4295
1821000,13,-10.6352,-3245.72,8.199,0.44025
1822000,12,-11.812,-3259.88,5.88916,0.404
1823000,13,-12.8278,-3253.28,9.35852,0.4
1824000,16,-13.5883,-3240.79,5.64484,0.413053
1825000,16,-14.5212,-3229.8,8.05738,0.421
1826000,15,-13.0177,-3243.58,7.39556,0.423
1827000,15,-16.2497,-3239.51,7.80193,0.426
1828000,16,-9.50112,-3240.45,6.82281,0.394
1829000,15,-23.0996,-3237.28,10.0577,0.399
1830000,14,-18.4611,-3238.86,7.8816,0.385
1831000,16,-9.23209,-3236,5.5587,0.363
1832000,17,-9.609,-3238.32,7.80515,0.393
1833000,17,-10.4126,-3240.44,9.05293,0.418
1834000,14,-7.18195,-3244.36,5.71927,0.441
1835000,15,-10.482,-3245.98,7.08827,0.399
1836000,14,-10.2712,-3255.41,7.82736,0.405462
1837000,15,-12.2779,-3248.61,5.94106,0.3905
1838000,18,-15.225,-3239.32,5.24036,0.413
1839000,14,-10.0606,-3248.78,9.87779,0.398667
1840000,16,-22.0811,-3251.67,13.2866,0.409
1841000,15,-13.5384,-3243.96,7.99346,0.425
1842000,16,-18.7346,-3262.87,8.29892,0.427609
1843000,18,-16.0521,-3253.2,10.2656,0.44
1844000,15,-18.4067,-3255.7,5.89378,0.418
1845000,14,-10.4272,-3265.48,7.55099,0.45
1846000,18,-19.9485,-3246.24,8.33622,0.4276
1847000,18,-19.7015,-3249.8,11.2748,0.437
1848000,17,-14.4065,-3238.57,8.29619,0.458
1849000,14,-10.2667,-3247.94,6.20202,0.398
1850000,15,-14.5373,-3232.66,9.3427,0.383
1851000,15,-18.6575,-3257.94,7.15629,0.428161
1852000,13,-12.8243,-3248.82,7.76777,0.435
1853000,13,-14.0023,-3258.18,5.85737,0.452
1854000,16,-8.78597,-3253.54,7.42538,0.419125
1855000,15,-10.2293,-3257.79,10.1656,0.398
1856000,14,-6.32596,-3245.46,10.2342,0.384
1857000,15,-6.44453,-3246.36,7.4247,0.422
1858000,18,-15.5215,-3242.51,8.70744,0.429625
1859000,15,-14.6942,-3228.93,7.07645,0.461
1860000,15,-14.8418,-3231.3,8.88602,0.387
1861000,17,-13.404,-3242.18,7.22636,0.4195
1862000,16,-8.84046,-3215.6,4.47578,0.407
1863000,13,-13.0448,-3267.48,8.83343,0.435889
1864000,13,-16.7091,-3269.36,6.30285,0.431
1865000,15,-9.44597,-3246.05,8.51847,0.40925
1866000,17,-9.61265,-3254.47,8.40728,0.43
1867000,17,-14.6487,-3261.78,12.3503,0.457
1868000,16,-12.5115,-3253.97,8.28671,0.436
1869000,16,-11.6242,-3244.97,8.79863,0.427
1870000,17,-11.6742,-3241.61,8.90231,0.425
1871000,14,-10.9688,-3272.44,7.81956,0.426571
1872000,13,-13.8116,-3272.1,6.64105,0.418
1873000,14,-4.82759,-3242.69,5.71913,0.421333
1874000,14,-11.5163,-3231.47,10.9941,0.411
1875000,15,-6.02155,-3232.95,6.60355,0.389
1876000,15,-5.33475,-3235.47,6.17041,0.439
1877000,17,-12.3522,-3235.06,8.01553,0.413
1878000,18,-11.3622,-3236.55,10.5946,0.41
1879000,19,-14.5635,-3232.16,11.581,0.447
1880000,16,-13.8119,-3239.44,10.4057,0.433963
1881000,14,-14.5203,-3246.51,6.71313,0.441
1882000,16,-18.8142,-3232.25,8.23774,0.4166
1883000,15,-15.4245,-3226.82,6.8547,0.397
1884000,20,-18.9474,-3225.3,6.41665,0.431
1885000,21,-19.6659,-3214.9,10.0762,0.438
1886000,16,-12.7622,-3240.26,7.78447,0.42
1887000,16,-19.2797,-3234.86,9.35474,0.466
1888000,19,-17.7319,-3216.06,10.3321,0.455
1889000,14,-10.1475,-3233.59,6.28287,0.419
1890000,15,-7.34598,-3237.13,5.75355,0.398
1891000,20,-13.4573,-3220.58,7.74018,0.412333
1892000,19,-18.4511,-3218.66,11.3565,0.441
1893000,18,-11.1309,-3218.46,9.35159,0.403
1894000,19,-9.87324,-3218.57,7.78048,0.426
1895000,19,-23.2672,-3217.48,11.9117,0.401
1896000,19,-10.9759,-3225.17,8.0807,0.416
1897000,18,-18.3684,-3246.7,10.7,0.44624
1898000,17,-19.0478,-3247.17,8.7596,0.431
1899000,19,-16.096,-3226.7,8.11329,0.407
1900000,16,-2.96403,-3249.07,5.48124,0.433
1901000,17,-11.9666,-3252.54,10.9868,0.46
1902000,16,-9.03898,-3251.6,9.23627,0.442
1903000,16,-15.8723,-3253.88,6.77215,0.445
1904000,17,-22.2146,-3254.73,10.5531,0.4555
1905000,16,-8.74501,-3261.62,6.33512,0.453
1906000,14,-9.85621,-3240.57,7.88411,0.446667
1907000,20,-14.4533,-3235.56,7.90002,0.449727
1908000,17,-19.4907,-3236.4,13.2227,0.453
1909000,16,-9.06577,-3241.72,8.95962,0.42
1910000,16,-9.31693,-3245.12,6.55185,0.434
1911000,22,-12.2558,-3246.05,8.81949,0.44
1912000,15,-16.6015,-3271.74,6.70969,0.445143
1913000,14,-13.2403,-3264.87,6.53258,0.423
1914000,17,-16.3355,-3245.3,8.76179,0.415571
1915000,16,-7.19392,-3243.97,5.71932,0.441
1916000,15,-12.1324,-3232.32,8.18665,0.457
1917000,14,-5.09294,-3243.89,4.80564,0.448333
1918000,14,-13.2867,-3244.62,8.89655,0.424
1919000,14,-14.2942,-3240.25,4.87046,0.397
1920000,11,-9.45833,-3271.43,6.15539,0.428286
1921000,18,-22.1123,-3242.08,11.8053,0.4328
1922000,12,-13.3194,-3271.24,6.5312,0.43
1923000,14,-21.7958,-3269.82,11.4273,0.41
1924000,16,-26.7526,-3272.95,8.21439,0.439
1925000,17,-28.5494,-3282.66,13.3913,0.434
1926000,16,-8.38368,-3242.15,6.69626,0.439
1927000,16,-5.73751,-3241.18,6.08092,0.422
1928000,18,-13.3761,-3237.51,10.4769,0.418
1929000,18,-17.8236,-3238.96,6.70922,0.406
1930000,16,-21.6674,-3241.73,10.8217,0.403
1931000,16,-10.6934,-3234.79,5.94919,0.414
1932000,15,-20.8084,-3246.48,11.0242,0.404
1933000,13,-10.9738,-3267.41,6.7562,0.44275
1934000,13,-12.6908,-3260.78,9.05162,0.423607
1935000,14,-13.3806,-3258.58,6.36708,0.389
1936000,13,-8.82814,-3249.43,6.87661,0.416
1937000,12,-10.8712,-3251.77,7.84555,0.439
1938000,13,-4.52498,-3247.05,3.15883,0.449
1939000,11,-7.59641,-3250.89,6.17896,0.382
1940000,12,-9.70107,-3248.92,8.21568,0.405
1941000,12,-5.81955,-3244.73,4.69008,0.404
1942000,17,-15.9922,-3241.95,9.48132,0.426
1943000,17,-15.1379,-3228.25,10.9326,0.417727
1944000,19,-9.6177,-3224.72,9.16267,0.391
1945000,17,-7.99717,-3220.65,7.80965,0.45
1946000,16,-3.96563,-3231.64,6.2975,0.41
1947000,15,-7.02567,-3231.54,7.20162,0.394
1948000,16,-11.2226,-3238.8,8.33974,0.431
1949000,17,-14.013,-3241.71,12.5522,0.412286
1950000,16,-11.373,-3237.63,11.8119,0.386
1951000,15,-12.5295,-3237.71,11.8061,0.401
1952000,12,-5.29183,-3247.7,2.7155,0.415909
1953000,16,-18.3181,-3241.03,8.74933,0.427
1954000,17,-15.5042,-3239.2,11.3667,0.416667
1955000,16,-9.4292,-3230.25,7.72142,0.428
1956000,16,-14.2318,-3240.14,9.35157,0.4156
1957000,12,-11.7646,-3272.88,4.42166,0.4135
1958000,15,-6.51591,-3246.43,5.65479,0.4168
1959000,15,-8.07995,-3243.67,8.11994,0.4175
1960000,15,-10.1014,-3246.54,6.40773,0.428
1961000,16,-11.2238,-3236.16,8.95459,0.4304
1962000,14,-6.34474,-3238.59,5.19069,0.4105
1963000,14,-13.8244,-3251.61,6.09785,0.416
1964000,13,-13.6923,-3255.84,9.00823,0.41
1965000,14,-8.24475,-3257.99,9.2953,0.435
1966000,14,-11.981,-3257.9,10.2567,0.459
1967000,15,-4.13768,-3245.24,6.99014,0.423
1968000,18,-14.5108,-3243.94,11.1787,0.423833
1969000,19,-14.7722,-3234,8.80309,0.426
1970000,18,-17.1025,-3224.44,10.7839,0.445
1971000,18,-15.1674,-3225.67,9.60357,0.412
1972000,19,-21.5767,-3226.87,11.5277,0.422364
1973000,18,-21.3598,-3225.1,7.19255,0.44
1974000,19,-22.8026,-3227.18,7.4276,0.413
1975000,18,-20.2479,-3239.27,8.03616,0.44075
1976000,14,-9.18138,-3260.64,5.67382,0.427667
1977000,18,-22.4368,-3234.16,10.3055,0.411
1978000,17,-22.0759,-3229.47,7.71992,0.416
1979000,12,-12.4548,-3272.05,6.57972,0.438136
1980000,12,-11.0478,-3266.73,3.64392,0.416
1981000,17,-21.5209,-3238.7,8.05211,0.423714
1982000,17,-13.1276,-3227.31,10.7668,0.408
1983000,18,-18.6792,-3228.63,12.0763,0.422
1984000,15,-10.7506,-3251.84,8.51957,0.42475
1985000,13,-5.10634,-3274.71,5.81235,0.4222
1986000,17,-9.8942,-3229.53,7.29023,0.425333
1987000,16,-20.6135,-3236.94,7.5344,0.405
1988000,16,-22.5585,-3230.01,7.18615,0.38
1989000,17,-17.4853,-3225.14,5.68488,0.414
1990000,18,-16.6519,-3216.7,8.58586,0.422
1991000,20,-15.9139,-3225.17,8.05141,0.445
1992000,20,-12.3332,-3239.38,9.39644,0.418333
1993000,12,-7.50837,-3255.38,6.60306,0.429111
1994000,12,-15.6071,-3274.42,7.28671,0.424111
1995000,12,-6.86752,-3249.75,5.38243,0.407
1996000,16,-16.2199,-3239.49,8.95432,0.404
1997000,16,-14.877,-3235.88,7.74379,0.431333
1998000,16,-13.792,-3232.14,7.07224,0.396
1999000,18,-13.3309,-3244.4,7.87538,0.379667
